10
1000 1000
255 159
931 142
165 536
996 238
571 517
605 202
236 530
83 900
947 433
475 194
638 879
404 931
222 957
369 561
858 100
32 285
66 736
117 76
548 655
500 639
154 710
788 87
858 496
623 616
202 214
840 568
785 830
483 639
464 156
861 743
589 857
623 39
669 835
568 864
912 354
35 172
280 604
639 877
958 471
249 331
41 132
931 498
63 172
381 573
524 639
1 88
349 795
282 982
50 586
517 434
119 990
471 250
669 422
476 742
756 608
61 600
858 238
226 295
804 856
459 130
747 669
88 753
442 909
901 545
714 953
639 608
329 539
426 148
728 44
238 243
127 951
545 138
770 202
867 144
1 943
144 331
917 981
772 947
883 882
660 97
381 653
931 229
723 589
670 354
459 623
614 981
1 548
900 665
618 80
566 238
248 12
90 623
543 117
751 236
182 652
1 586
1 749
279 973
900 77
241 527
231 183
736 305
353 231
382 623
207 639
188 285
132 775
717 639
1 294
523 231
741 285
172 65
333 871
317 680
338 623
623 795
21 639
504 284
303 159
608 816
105 322
878 238
956 22
941 761
669 442
254 568
202 526
718 334
170 444
231 447
916 639
654 355
771 623
949 517
859 236
763 401
716 1
231 703
150 586
593 475
326 329
879 668
238 147
543 152
236 164
272 331
938 669
18 354
124 507
123 231
238 14
352 238
444 628
714 967
669 708
202 558
591 329
957 176
329 57
355 426
586 848
1 285
669 355
669 56
460 477
826 554
876 354
202 110
471 111
597 1
44 538
62 279
543 560
948 38
517 662
694 347
722 172
589 893
384 833
957 966
331 435
182 155
436 759
72 132
238 635
765 459
866 50
157 517
291 355
213 331
182 31
623 307
874 548
279 106
586 613
203 422
832 1
796 259
933 179
596 306
788 502
520 1
952 689
879 411
238 218
243 766
648 367
879 575
231 278
345 504
471 584
932 608
436 331
64 761
381 28
814 976
586 648
821 200
586 244
36 44
471 430
744 436
471 700
391 688
497 1
115 322
597 446
387 537
746 231
137 285
277 957
783 658
94 231
542 669
413 529
427 487
761 350
124 331
846 900
631 241
623 552
491 42
824 226
927 1
597 300
279 585
693 610
202 469
226 639
44 239
354 452
623 826
737 869
317 370
131 355
574 400
999 150
89 626
477 659
981 191
586 594
471 788
429 639
231 331
299 1
380 444
220 927
270 504
79 422
5 931
618 471
803 597
188 219
476 894
268 128
639 599
189 1
907 333
543 381
887 471
1 44
85 182
931 790
233 801
378 943
202 580
954 651
988 285
1 75
309 397
322 351
669 344
484 96
464 317
669 764
362 371
604 9
914 802
238 718
666 354
669 317
69 120
795 755
136 669
44 198
931 960
669 891
202 47
623 354
172 122
27 931
597 956
159 1
308 394
669 679
993 792
309 813
442 386
331 942
412 529
882 567
231 615
510 236
44 805
482 331
731 46
574 1
540 322
382 74
684 285
316 574
481 475
408 362
802 444
623 158
597 335
161 703
543 120
479 322
597 590
582 669
16 159
586 792
943 553
132 854
45 639
791 238
517 511
231 713
95 471
471 726
931 373
586 173
639 67
44 421
925 566
892 477
285 208
517 830
143 381
745 943
843 623
639 581
329 287
297 943
978 471
620 285
274 44
444 260
424 731
20 354
731 588
1 262
795 961
623 884
834 444
293 355
955 44
715 1
547 470
322 78
623 461
1 839
972 65
543 699
355 91
711 791
873 44
150 267
1 476
286 450
121 900
44 731
882 646
776 566
416 159
574 96
381 578
508 943
758 285
471 550
247 243
195 574
238 895
957 372
253 795
732 325
609 202
970 279
565 981
464 852
1 103
906 879
548 910
685 365
724 464
865 879
279 586
900 798
251 202
566 828
648 59
934 574
985 475
904 504
548 256
900 182
589 126
797 548
879 141
263 574
167 249
409 957
639 1
275 861
339 517
623 491
543 1
768 623
506 459
769 436
82 355
327 320
1 879
144 974
639 959
757 471
623 736
251 701
381 134
333 455
943 25
992 394
639 882
624 517
435 991
897 202
231 301
169 788
438 764
60 329
639 322
545 639
129 685
419 381
1 561
643 950
242 44
471 994
383 576
238 114
548 987
531 981
421 337
807 188
289 618
512 586
362 261
727 459
477 623
804 171
918 586
202 246
822 900
331 902
472 832
853 529
285 505
1 485
172 393
101 238
1 623
50 40
384 181
1 394
48 459
981 639
33 900
931 73
529 639
881 384
243 180
285 458
435 702
356 639
732 331
761 963
931 535
376 764
586 940
331 168
981 516
342 354
623 396
236 603
543 547
879 128
145 238
543 398
471 626
113 317
44 687
705 623
630 172
172 983
623 210
669 1
329 682
354 463
24 597
710 202
612 504
802 930
221 791
202 577
389 124
159 781
312 943
564 645
522 787
669 504
10 188
905 381
931 273
1 13
44 551
450 598
401 331
411 501
855 882
752 832
236 977
693 159
159 885
734 471
647 475
172 984
1 331
261 92
487 975
329 1
639 761
302 504
294 806
712 331
586 678
50 929
685 903
104 182
795 346
362 1
543 787
597 544
595 435
360 65
639 900
266 1
314 543
714 623
911 637
17 804
177 879
814 543
296 927
672 957
947 669
324 543
422 420
124 358
202 125
788 521
226 403
851 172
515 172
238 596
639 667
202 808
529 84
140 927
487 236
272 418
676 126
825 778
146 44
319 236
382 657
858 211
475 623
331 241
915 439
258 568
331 281
285 923
299 890
980 589
627 1
184 623
683 317
843 509
623 384
354 908
720 236
997 504
259 108
518 822
124 187
639 842
3 172
44 546
656 688
224 685
322 445
341 459
238 450
965 628
298 159
201 405
417 381
320 197
132 340
21 921
374 623
216 315
850 320
733 243
216 1
589 729
127 1
382 555
429 989
845 172
355 37
694 410
196 354
451 1
215 669
471 841
459 205
241 793
604 879
621 132
696 981
30 1
444 663
773 900
837 764
597 827
556 586
636 459
946 202
586 283
623 192
721 362
1 405
886 202
12 44
838 123
288 589
332 124
249 186
858 453
226 4
495 1
44 503
331 489
602 726
471 954
623 357
730 238
931 774
414 471
230 477
238 880
362 443
611 648
399 586
639 473
795 649
441 96
707 543
786 464
685 623
981 431
639 6
202 225
223 795
212 563
586 673
109 887
623 557
329 265
238 1
355 26
574 661
132 457
449 608
931 375
112 948
847 574
898 922
964 144
331 889
29 623
285 971
597 870
817 804
583 517
762 933
321 639
896 236
55 354
669 493
354 777
529 199
476 633
436 810
950 931
574 185
669 2
44 118
494 623
361 475
731 812
819 88
564 789
251 782
669 269
402 202
202 794
996 740
456 462
688 1
986 285
381 151
648 681
331 385
962 795
442 995
514 858
795 831
685 467
648 525
124 212
778 44
475 217
384 572
160 669
589 623
878 939
858 437
641 384
58 471
847 784
799 231
390 943
200 517
726 93
705 750
241 888
529 162
872 471
981 697
406 504
44 861
279 190
1 236
576 639
545 492
231 237
204 957
213 863
331 783
49 331
8 124
543 499
436 448
172 639
533 623
377 44
320 331
466 520
444 924
586 801
44 119
559 669
44 689
549 279
862 329
669 309
1 931
536 879
474 236
231 432
913 956
574 815
292 694
1 804
193 231
290 1
519 381
936 548
639 957
259 471
379 444
695 322
475 490
415 795
562 981
767 597
931 911
51 574
669 107
331 52
276 802
421 456
331 444
861 133
928 355
454 159
294 395
202 102
245 331
597 686
343 354
387 899
788 149
238 328
318 117
968 150
475 600
979 705
70 88
1 209
564 202
945 309
132 235
331 642
868 227
791 99
714 19
387 640
875 586
800 931
671 182
674 589
900 836
589 607
858 7
1 202
475 541
795 601
703 691
139 586
736 68
480 957
226 587
153 618
882 532
622 86
959 313
279 935
664 1
690 597
474 998
548 677
354 592
1 579
619 787
534 459
528 900
388 279
569 566
279 11
471 1
331 206
237 363
937 435
471 323
465 882
950 860
661 407
86 694
639 304
83 166
811 444
1 820
44 748
957 849
459 969
331 282
12 428
829 317
257 795
232 648
184 468
648 922
543 844
1 368
818 981
779 329
228 950
240 231
311 243
421 660
669 625
927 43
336 882
931 570
694 1
231 178
879 234
823 933
725 355
706 504
568 331
392 331
381 348
231 926
754 669
81 623
623 440
597 617
34 543
545 944
704 24
543 644
486 172
366 1
1000 623
331 54
15 669
354 271
996 629
735 1
618 632
359 444
387 669
547 310
738 329
714 709
231 513
425 669
517 639
98 440
920 826
439 669
618 719
950 650
488 355
760 279
639 919
364 642
478 574
739 726
548 634
50 252
227 459
384 780
933 574
1 948
135 354
623 333
698 132
279 330
182 809
675 710
423 879
322 692
175 88
132 44
116 943
504 606
548 869
174 272
421 23
71 331
163 471
264 931
317 53
1000 1000
712 592
718 614
987 620
800 906
696 12
681 602
779 260
208 694
927 825
565 251
640 904
954 639
249 189
323 515
701 334
511 881
841 604
364 231
807 975
1 455
534 262
350 908
304 657
121 151
681 684
408 597
936 161
189 816
523 575
681 21
1 707
883 336
408 102
365 640
701 854
565 288
551 427
537 530
874 519
640 785
390 218
133 531
328 1
674 189
640 637
30 279
112 16
869 293
315 21
657 914
640 61
130 228
565 155
150 537
701 960
514 262
546 965
738 16
660 843
87 185
825 394
75 539
718 298
1 565
704 62
189 1
111 551
189 222
302 795
268 804
974 565
609 704
991 210
370 88
653 681
426 71
681 783
189 391
704 952
640 14
413 331
189 214
415 322
651 503
673 519
674 536
1 681
640 128
718 152
324 918
640 17
988 109
328 183
639 827
228 1
541 889
991 560
957 263
584 259
374 537
172 883
434 323
721 584
665 616
667 694
205 640
588 33
694 42
861 695
822 681
324 524
608 162
681 443
608 994
610 1
701 312
1 630
684 23
676 841
640 75
165 568
565 837
340 639
907 549
149 807
87 342
217 270
714 523
87 688
547 620
284 408
48 229
242 80
195 3
969 189
370 253
87 50
322 640
368 584
938 49
951 87
259 38
1 718
751 640
584 146
333 22
770 704
322 306
649 466
779 5
808 681
796 620
322 594
170 552
87 453
256 270
718 442
681 399
718 245
350 582
10 262
78 109
742 985
681 551
51 498
262 1
189 760
537 433
73 87
194 21
565 818
661 49
791 262
620 922
448 262
825 54
84 487
733 795
1 950
537 428
114 109
639 159
649 261
84 584
87 124
567 705
350 912
87 901
35 565
701 281
851 358
551 730
750 718
520 702
584 475
215 694
450 263
1 815
96 530
859 324
49 868
50 700
704 608
408 195
189 471
351 684
712 139
262 209
277 841
228 255
643 694
569 907
1 550
364 211
704 702
393 649
287 278
387 1
696 981
611 695
511 625
1 523
1 344
33 718
348 798
764 109
639 860
550 269
488 1
230 613
263 507
290 991
695 1
228 254
268 865
21 265
652 53
262 793
841 369
49 207
551 360
498 325
991 186
887 189
502 974
287 494
791 650
87 80
544 391
404 953
431 270
498 19
989 498
622 718
328 406
885 133
694 250
40 454
681 997
584 893
16 599
571 701
791 877
280 537
704 666
526 328
654 701
807 461
408 728
675 87
870 206
274 189
87 82
800 681
89 718
32 551
436 684
548 87
825 324
577 701
408 925
945 991
514 601
723 971
175 807
506 854
270 512
364 167
964 869
537 22
854 316
639 1
408 572
21 229
712 401
189 706
142 793
841 439
640 603
551 752
718 615
840 262
323 87
458 807
87 68
701 216
225 640
649 799
973 687
72 551
498 910
49 703
82 895
299 324
263 636
16 679
814 696
652 583
500 706
34 620
639 470
681 616
135 679
138 537
704 613
540 742
956 75
66 551
55 1
779 228
841 966
418 263
681 449
872 681
1 49
897 991
498 880
462 640
307 448
995 1
29 498
803 695
417 701
345 589
658 324
429 640
565 905
451 685
87 977
551 559
464 991
1 991
358 294
920 109
435 807
379 300
718 40
985 745
343 537
237 287
39 33
889 37
843 189
674 570
457 511
486 440
206 201
85 192
838 551
694 561
807 781
842 708
364 727
125 8
234 684
669 681
1 924
339 842
871 357
98 517
1 460
1 367
270 125
129 590
481 548
649 43
985 934
485 51
701 758
740 364
103 701
122 21
832 300
263 902
178 639
567 424
317 639
496 533
287 355
928 825
748 842
991 595
168 262
50 224
807 104
640 166
565 489
1 519
565 493
680 87
373 883
324 1
141 551
704 352
120 157
857 620
388 87
262 869
842 97
483 314
405 613
292 701
58 991
472 701
694 181
537 378
859 942
357 246
6 537
508 133
213 807
228 184
970 499
438 960
853 133
459 807
158 87
1 736
712 81
473 33
974 780
709 523
268 174
165 147
842 445
825 958
735 408
170 4
907 681
802 263
685 983
955 833
51 786
623 204
267 684
845 287
979 367
465 639
203 759
324 79
907 769
889 189
823 551
600 282
1 504
797 869
21 759
262 350
626 694
639 309
684 923
640 169
791 844
392 695
404 2
791 830
432 51
701 1
833 324
776 324
511 271
869 153
678 364
24 628
16 919
915 694
701 911
619 584
262 937
788 687
642 841
723 565
867 289
1 584
170 647
784 498
685 640
384 698
347 704
566 694
76 498
657 87
991 917
564 961
623 640
651 890
170 15
30 967
346 51
649 285
291 932
640 396
749 551
91 866
244 409
268 990
359 991
108 343
807 65
774 357
275 185
498 276
1 121
532 24
867 510
484 867
533 612
328 892
87 348
891 49
123 417
110 133
706 403
883 681
486 681
640 311
195 562
300 824
408 422
633 21
682 543
263 806
759 398
856 808
486 63
1 85
972 453
87 573
262 817
31 328
852 498
505 366
189 537
516 867
991 878
763 342
480 262
87 884
640 899
189 226
916 195
692 482
87 903
921 807
624 21
551 689
991 651
161 835
263 67
649 421
746 287
596 704
50 469
404 94
13 963
724 634
807 87
584 944
380 51
505 565
584 555
87 408
408 476
212 718
985 238
993 228
739 75
1 724
350 132
757 498
991 236
321 270
87 930
584 535
133 810
649 896
565 131
694 1
9 268
718 86
145 751
889 875
189 30
220 262
305 639
21 295
323 243
49 686
165 1
775 639
87 737
263 681
597 56
342 713
492 408
527 572
587 523
537 239
136 228
694 968
681 364
718 864
704 668
991 444
585 80
303 21
297 450
684 858
87 27
52 668
889 518
452 198
557 358
21 430
743 262
807 318
701 330
324 206
196 348
319 16
584 223
734 16
704 1
608 57
329 613
509 328
345 1
270 357
228 933
188 807
761 216
270 655
328 44
498 137
681 113
1 129
262 978
640 771
87 105
758 805
389 324
21 644
985 992
20 584
133 115
970 620
173 16
90 523
228 513
849 323
519 777
931 255
270 961
685 719
198 584
784 77
322 7
640 581
497 133
232 1
268 671
348 326
337 701
836 282
627 695
364 240
187 86
579 841
69 695
268 522
437 620
913 907
170 371
855 84
565 407
33 811
64 694
517 377
372 27
140 551
87 270
639 100
657 190
640 1
47 649
119 704
228 729
648 842
718 586
790 872
684 402
163 50
663 696
324 866
959 109
363 674
681 886
408 286
93 109
947 565
87 320
364 273
105 834
773 620
639 635
593 324
376 640
1 821
386 517
490 154
463 121
554 324
795 1
718 375
519 95
640 545
645 626
701 13
681 848
999 16
894 869
511 87
498 382
189 156
706 143
620 193
980 731
50 296
109 501
639 898
262 546
324 558
681 659
257 268
101 523
87 841
262 687
83 991
116 507
99 287
87 446
765 565
18 133
340 410
505 717
537 946
28 565
408 26
21 606
1 362
467 639
390 270
681 272
300 807
152 478
16 681
41 486
991 929
411 362
640 332
791 361
618 867
842 341
27 664
24 867
383 519
25 887
412 867
932 247
419 229
948 787
385 704
907 553
854 926
49 400
1 60
423 408
876 262
809 30
907 631
441 264
227 1
191 842
888 109
607 597
720 943
134 974
189 283
1000 328
715 453
670 649
640 45
697 640
157 681
157 556
262 980
826 985
46 1
525 262
268 820
474 704
282 354
118 701
791 479
505 813
701 732
819 1
1 87
718 812
681 370
567 262
228 353
831 854
847 364
1 287
268 189
425 268
144 889
882 408
789 694
762 991
850 751
442 693
652 36
695 574
1 241
404 324
248 657
164 620
726 262
228 529
148 640
991 170
949 21
982 681
381 16
468 199
598 701
495 704
447 87
991 313
530 11
698 807
179 367
718 356
842 1
842 879
701 244
420 364
416 546
696 1
324 986
177 681
537 182
160 706
498 87
565 576
266 87
710 991
825 491
829 724
754 133
681 109
200 621
498 483
456 342
542 357
718 413
364 578
792 701
862 328
391 747
197 867
426 270
940 533
85 310
171 727
613 521
756 511
617 390
1 180
639 133
753 133
962 408
350 301
727 772
268 935
263 106
662 795
87 778
270 528
909 498
998 498
126 889
704 939
704 154
984 463
692 537
768 27
59 718
543 640
699 640
867 107
641 21
87 652
537 591
270 646
948 537
741 887
21 712
565 127
565 517
677 807
620 335
782 533
40 395
258 759
157 794
632 216
468 262
649 1
538 991
565 221
872 338
863 684
864 414
725 133
367 716
639 327
695 976
722 742
80 202
282 1
21 996
92 109
268 720
74 511
842 621
367 711
629 417
322 873
791 656
735 308
767 413
565 397
233 367
189 846
841 691
55 117
189 638
889 941
109 161
608 477
219 270
672 584
807 235
900 364
358 498
744 49
801 222
654 580
165 605
620 87
679 766
21 828
683 270
70 87
640 839
252 51
620 264
1 176
985 681
791 690
563 21
867 87
1 932
349 841
755 165
533 87
1000 1000
655 171
193 416
287 242
185 127
415 881
231 900
311 978
739 87
698 391
977 877
253 541
348 201
777 265
872 1
174 61
765 143
688 220
250 870
512 444
520 983
503 533
769 613
551 227
788 797
306 815
25 850
610 981
892 865
667 706
973 166
67 76
483 296
370 414
726 344
940 880
806 447
41 34
518 448
591 424
290 220
253 77
665 253
225 385
21 217
243 995
457 253
165 995
900 252
518 182
687 726
362 927
311 950
497 895
268 838
810 22
732 242
820 268
55 780
115 900
627 758
686 1000
667 652
77 401
317 86
52 764
26 448
763 443
701 448
448 176
800 456
284 629
104 265
221 311
155 866
802 880
1 668
1 884
817 268
988 618
270 283
268 135
981 780
274 374
268 50
686 63
1 354
536 384
327 466
454 274
327 471
673 411
215 420
265 323
496 981
185 114
448 967
885 408
785 518
480 551
153 311
263 220
794 253
242 534
722 769
390 343
157 698
347 938
228 1
347 855
686 955
626 700
217 74
876 698
166 20
61 387
560 780
148 265
451 795
606 900
460 823
857 704
351 812
899 707
274 442
738 775
304 242
627 981
686 943
327 52
159 898
470 925
1 242
73 34
257 524
747 981
223 362
1 420
698 159
311 201
159 535
329 709
997 605
274 1
717 816
981 721
125 204
828 995
944 583
217 154
502 895
177 448
9 311
895 860
551 730
311 31
40 900
22 796
518 695
7 957
988 239
119 900
168 228
880 286
796 805
311 570
176 527
351 823
666 242
639 981
253 195
97 709
995 631
866 274
337 217
3 448
268 856
988 776
7 1
932 823
150 392
1 628
486 999
352 518
28 166
162 775
605 771
513 32
880 786
623 470
311 12
698 281
1 388
253 297
901 805
991 780
680 822
775 590
760 599
800 716
274 69
875 211
443 266
176 986
177 422
451 395
931 176
185 375
253 102
206 153
686 528
185 663
815 693
612 518
880 463
520 334
903 311
531 319
439 268
981 257
386 448
66 881
345 823
916 274
448 6
562 248
780 850
889 741
586 680
796 577
409 632
311 477
303 177
656 61
320 546
253 990
327 962
975 870
265 702
104 993
726 908
94 686
362 178
1 241
961 488
842 682
945 575
594 495
35 362
1 72
918 895
478 469
937 1
775 314
184 464
448 166
327 131
786 280
453 983
947 815
981 796
504 311
177 585
561 769
503 29
262 220
149 880
274 865
503 224
619 483
242 709
185 743
731 792
645 220
686 679
353 208
268 603
605 207
601 322
311 143
889 464
509 698
853 852
300 1
156 815
246 217
346 274
490 77
928 815
93 204
485 166
717 368
46 216
52 793
419 988
686 338
983 371
442 678
79 311
253 198
698 724
431 420
742 150
26 37
46 242
995 808
242 147
242 68
877 333
448 470
958 327
870 879
942 260
568 176
402 988
67 565
256 870
4 698
717 465
880 846
8 709
922 284
875 448
477 364
327 840
270 339
708 327
358 327
961 311
907 67
673 418
448 14
961 939
253 913
900 331
862 988
775 495
70 775
136 869
508 101
52 996
906 780
255 474
591 242
881 1
384 449
274 347
141 474
775 761
210 981
310 176
649 516
220 269
242 240
496 830
988 608
102 321
367 327
557 451
377 429
32 677
800 253
222 284
167 739
926 686
880 685
717 455
711 495
311 748
111 327
649 981
176 904
381 605
448 717
521 176
253 864
483 670
717 769
398 242
799 320
188 311
274 602
84 152
815 405
10 204
311 512
778 179
176 378
511 877
880 1
282 551
880 356
875 941
501 2
413 340
390 653
274 71
101 132
270 484
274 964
880 112
532 512
745 496
221 984
698 530
302 268
768 448
340 874
34 301
474 166
744 754
432 32
880 361
2 1
19 786
815 311
483 406
448 673
686 773
82 880
935 194
289 185
320 848
1 538
126 166
605 731
327 390
328 274
204 1
448 790
92 34
551 285
544 865
448 384
425 327
327 417
98 327
340 672
274 158
483 18
220 274
699 204
880 983
268 818
954 34
897 204
473 270
308 517
651 34
360 662
217 883
458 398
448 660
462 345
353 242
833 311
311 877
166 929
284 336
948 448
357 270
723 518
257 661
746 320
604 880
726 999
726 59
995 399
359 307
981 1
703 474
1 30
718 942
242 634
273 717
500 981
934 876
865 727
807 448
1 775
529 605
650 420
587 710
1 597
277 284
203 605
686 998
510 274
360 219
384 696
144 467
994 362
880 920
754 877
253 919
350 800
220 39
251 327
150 1
592 698
836 673
179 448
472 429
895 330
780 137
192 769
853 274
493 988
311 185
60 539
769 798
90 311
54 518
238 518
176 933
877 873
726 1
582 680
43 242
717 324
274 261
253 617
787 420
7 814
185 100
217 644
138 67
611 284
153 394
506 362
523 500
320 633
503 299
983 191
311 664
358 692
101 548
57 981
971 627
1 327
743 47
475 988
253 949
995 572
640 362
448 61
270 274
249 297
116 176
875 180
894 242
36 265
28 643
436 981
900 5
163 995
698 551
825 470
779 248
382 815
61 278
775 396
750 606
775 870
635 655
420 956
217 450
995 944
448 995
942 698
267 929
384 974
966 686
44 900
205 726
503 624
217 58
48 327
247 268
494 311
899 829
30 909
474 835
217 555
753 853
448 626
483 365
587 686
595 503
2 75
325 686
961 766
311 599
625 268
770 815
783 796
362 311
1 483
775 196
843 284
448 423
448 697
632 470
384 128
362 123
311 101
88 429
253 103
921 101
880 230
161 242
288 362
284 598
437 242
166 326
42 268
274 704
566 507
915 470
756 61
359 717
880 187
983 868
510 886
189 429
815 317
1 34
253 1
726 573
782 429
358 891
912 159
84 176
881 584
571 274
341 942
355 495
900 774
571 936
947 83
33 709
102 837
823 739
788 150
960 876
372 232
389 166
468 602
380 253
881 169
621 796
518 767
481 448
505 429
271 510
275 22
236 775
620 640
948 199
248 713
200 398
614 698
827 538
106 775
566 875
166 244
717 305
669 880
190 1
265 859
735 102
725 270
483 705
571 514
870 580
995 951
600 866
811 726
185 445
715 101
667 448
637 717
823 32
981 110
351 905
140 823
717 11
987 238
129 995
129 749
924 769
475 124
362 213
160 220
146 627
935 961
448 698
737 717
719 698
680 1
895 24
496 441
443 823
686 229
518 849
172 451
313 220
630 686
253 414
877 259
821 1
622 429
105 983
362 826
448 332
659 390
1 686
900 686
373 780
284 448
270 118
942 970
292 726
119 349
448 309
270 752
470 492
312 159
655 717
253 581
676 726
717 482
434 274
421 780
980 362
1 407
442 487
1 130
294 775
804 101
638 176
134 607
564 509
728 22
551 498
212 900
229 164
757 538
775 108
655 952
698 831
522 242
988 363
720 265
861 311
605 989
571 298
553 509
784 253
430 254
914 995
170 961
291 137
7 976
459 680
328 654
743 272
470 543
1 429
686 245
870 489
379 981
563 429
899 1
1 845
173 232
579 177
655 567
220 841
1 895
691 673
234 698
311 902
698 383
824 780
673 139
540 686
796 461
646 429
588 1
900 23
53 257
209 815
476 885
942 589
470 96
113 551
220 478
61 85
815 647
129 574
961 734
61 446
448 360
684 277
448 552
609 217
345 803
320 448
451 151
17 870
946 694
308 242
880 403
61 658
64 274
320 888
56 605
963 448
268 1
605 15
416 311
751 166
616 503
882 328
268 648
311 781
657 1
900 832
945 686
859 95
176 554
28 992
689 150
576 451
714 67
248 1
448 81
398 293
733 883
854 775
981 145
217 789
930 880
889 274
318 880
311 385
772 153
791 67
518 675
49 220
605 775
327 186
2 819
995 181
150 136
491 311
813 877
319 397
985 503
823 545
32 78
214 780
1 311
335 880
226 780
641 698
427 877
870 979
839 726
319 448
538 681
400 895
217 1
729 242
448 988
796 122
847 429
895 322
875 27
51 429
671 248
166 316
968 709
780 959
101 433
496 556
809 865
972 311
45 496
1 67
754 542
32 109
318 569
448 451
851 796
448 923
965 880
478 120
264 67
526 981
636 253
253 80
686 871
674 937
362 615
878 865
451 982
755 796
347 342
179 202
26 38
84 736
895 276
176 89
823 559
366 796
265 311
451 393
823 969
376 698
166 404
218 866
550 831
276 107
14 428
683 880
412 470
519 242
479 717
946 815
442 65
311 258
740 877
183 253
235 311
963 369
242 953
690 981
274 13
537 881
578 709
981 896
823 1
265 503
863 667
596 265
917 284
877 121
682 988
558 518
7 99
499 571
686 426
686 315
129 525
353 759
340 452
229 547
571 642
893 865
834 347
438 503
16 478
981 539
185 62
477 911
890 483
295 270
966 549
509 279
430 274
440 284
887 875
345 435
880 910
655 712
880 134
237 605
232 1
265 593
762 166
142 150
503 144
429 175
117 7
311 801
885 686
895 858
515 327
253 410
197 889
221 91
340 327
448 1
448 867
738 233
844 552
133 220
686 447
1000 1000
464 817
168 187
187 39
146 101
652 688
576 695
793 323
677 723
564 722
371 457
961 397
477 187
952 853
265 609
558 415
929 652
215 446
934 229
895 13
491 560
973 141
215 490
874 145
781 563
167 959
652 58
744 906
652 541
1 637
167 188
181 187
322 742
753 891
748 806
568 500
441 283
849 23
588 680
872 362
900 10
950 627
351 923
347 103
728 99
795 167
793 492
934 232
948 423
583 350
183 99
336 797
264 934
348 439
350 369
466 99
836 318
652 678
478 605
951 728
815 239
892 652
68 350
759 971
624 220
580 187
600 385
96 925
834 415
196 908
62 99
942 101
713 938
906 293
491 56
543 679
995 956
811 53
187 641
563 200
284 183
591 647
99 828
99 303
101 324
107 96
267 395
35 194
1 415
658 350
500 142
294 59
187 438
514 1
961 622
849 282
669 516
537 691
849 852
290 652
934 840
596 62
199 270
229 134
470 283
269 742
172 893
595 652
900 422
679 549
350 233
225 790
385 64
742 884
563 867
911 168
872 961
109 154
59 857
609 833
782 523
99 837
718 724
187 745
614 569
575 183
934 240
806 384
438 61
167 74
565 303
871 62
99 806
978 609
63 991
24 569
638 167
627 963
528 167
440 450
418 927
811 29
723 281
859 350
96 675
199 327
817 574
779 91
62 291
723 571
383 955
115 167
767 34
101 899
457 489
608 141
968 793
415 753
244 239
948 1
164 183
101 721
726 101
308 934
602 680
581 79
567 753
217 652
793 766
60 742
939 971
185 927
130 49
547 588
1 850
714 817
98 59
199 773
59 77
80 550
536 141
900 89
520 347
873 872
299 889
742 448
254 388
496 1
437 199
747 1
817 213
537 300
132 892
432 187
934 877
409 596
730 175
59 276
513 849
188 865
268 723
849 503
101 695
906 943
569 31
410 795
569 325
385 48
438 453
509 483
705 569
502 683
190 952
995 734
41 509
33 194
862 752
201 99
767 99
588 159
347 512
385 298
274 934
210 195
971 415
988 62
874 723
653 1
80 765
649 581
296 239
469 407
187 909
59 838
44 415
760 1
451 283
187 51
652 570
630 203
892 461
928 588
539 80
849 335
1 694
880 167
220 59
199 65
971 234
387 88
609 101
851 569
652 627
811 704
566 478
327 69
797 59
120 797
126 457
868 415
892 67
497 569
15 394
845 211
785 167
376 652
55 713
474 239
569 1
280 283
924 203
59 339
416 892
685 194
551 438
904 199
794 283
316 1
913 609
995 151
219 563
406 723
62 419
872 452
155 713
713 167
562 141
415 986
178 59
879 718
127 728
411 652
971 981
510 199
427 526
945 752
352 627
709 62
121 785
525 187
283 167
609 263
569 957
569 315
415 817
187 415
522 723
203 176
507 491
585 101
588 1
679 1
1 887
75 283
391 588
739 167
961 761
338 797
621 966
797 671
1 912
27 450
996 719
651 569
123 604
20 199
187 772
415 941
297 491
1 581
642 696
659 1
415 952
609 529
618 806
308 922
971 947
30 718
394 692
652 937
166 187
167 914
906 954
817 375
189 679
892 5
96 161
743 174
872 531
698 713
62 487
632 910
861 303
721 472
495 199
174 186
723 216
753 278
625 415
906 43
811 827
563 124
99 374
66 518
326 558
385 534
689 718
742 42
742 508
387 38
101 372
569 559
849 12
287 187
573 1
101 1
1 500
655 130
36 415
537 138
652 654
969 450
59 171
752 19
882 787
797 584
104 273
793 667
653 886
128 203
415 906
980 99
16 695
122 99
491 650
156 934
653 349
652 143
789 425
609 359
535 679
167 100
581 455
710 752
78 239
188 646
207 588
350 970
848 99
59 793
245 99
84 415
63 663
989 569
260 183
399 299
348 250
824 653
742 796
537 266
893 224
273 101
450 876
267 750
415 485
310 62
717 797
872 944
435 588
558 223
247 385
342 319
438 449
2 445
457 70
660 797
653 864
179 350
603 62
597 350
405 394
805 596
686 581
742 415
26 849
165 569
753 894
307 415
59 173
532 415
1 133
818 537
723 1
194 62
849 569
581 241
215 345
101 321
797 920
863 906
807 481
479 59
509 569
252 995
238 695
627 586
918 839
99 408
806 712
254 752
132 620
227 339
955 1
59 277
188 645
239 484
80 581
188 420
334 811
636 817
415 25
350 544
961 926
390 923
99 934
1 272
588 556
872 415
398 167
578 13
1 211
579 160
167 518
299 554
421 652
613 1
459 588
751 62
679 52
932 849
415 341
797 591
273 242
541 561
473 509
478 332
231 898
786 199
700 752
478 382
699 415
653 105
569 288
114 478
974 696
1 718
392 99
632 99
348 199
99 819
833 727
99 221
283 8
1 537
93 789
431 642
457 607
652 823
590 129
648 752
85 130
791 927
344 898
569 356
135 753
199 225
59 984
203 367
203 964
581 370
742 6
779 640
197 215
679 610
174 99
524 713
45 563
639 767
801 797
415 150
742 498
457 99
141 1
2 1
998 40
934 784
581 958
634 239
311 509
385 37
730 797
878 588
723 915
626 385
443 817
672 753
403 653
545 934
652 530
940 955
902 679
898 652
760 116
415 882
679 285
283 533
140 99
901 167
476 752
187 471
333 648
444 167
415 81
913 9
62 735
62 799
988 774
793 623
357 11
936 385
228 215
742 180
243 174
961 720
96 101
65 22
101 809
203 415
350 1
569 460
752 251
738 753
427 753
152 427
752 869
682 267
167 665
858 823
905 742
953 123
581 162
373 1
652 703
491 28
153 581
462 167
469 995
569 846
756 215
385 903
353 789
892 777
337 653
676 5
589 199
905 804
754 656
653 666
995 652
286 581
413 995
177 764
616 849
415 499
312 754
934 83
424 267
521 59
183 697
927 59
546 347
87 392
130 249
408 271
99 275
415 802
609 329
301 415
872 71
193 753
65 778
753 737
921 59
50 817
209 696
890 203
537 949
101 47
797 628
415 246
299 813
167 696
199 7
674 1
897 350
414 900
611 187
569 267
404 591
144 187
123 385
199 1
841 457
657 844
415 196
769 631
1 893
262 834
843 59
988 170
117 183
633 117
679 442
273 258
870 752
1 347
154 457
779 328
612 563
752 14
482 1
588 923
733 267
966 457
860 194
438 192
752 601
1 169
463 609
537 598
939 946
930 96
62 919
516 934
501 705
527 457
775 385
113 941
99 788
588 357
652 754
450 415
63 167
811 643
752 17
380 318
808 283
130 652
257 63
173 855
997 961
97 713
308 635
588 106
679 18
239 59
385 386
199 746
291 830
594 99
136 299
318 1
129 569
1 99
198 679
718 118
829 1
987 1
581 789
427 664
948 564
916 491
644 187
218 154
599 303
131 713
649 317
898 158
653 749
577 753
907 160
1000 764
21 558
826 372
377 350
1 167
1 652
679 763
475 696
112 415
481 652
199 95
723 396
768 797
184 713
160 82
779 99
593 59
965 753
1 701
354 394
1 40
713 401
696 76
742 139
119 652
1 762
582 350
381 347
415 313
723 668
248 588
767 881
320 141
509 670
99 429
994 609
972 701
842 308
341 979
491 588
752 493
683 167
753 732
4 569
934 719
3 723
673 995
235 753
361 194
952 587
385 237
511 385
983 62
955 975
187 342
149 63
72 880
387 32
465 569
731 767
572 394
747 661
450 885
302 536
563 569
191 215
652 900
385 844
538 569
713 977
202 679
906 204
299 163
347 800
821 299
456 653
736 99
705 854
167 467
771 215
542 62
389 745
99 195
606 652
690 99
728 255
340 900
742 436
394 553
137 849
931 59
832 2
394 99
927 379
434 199
478 402
523 415
167 831
976 793
417 713
331 971
540 653
295 699
220 433
555 62
688 90
816 62
365 385
330 900
182 94
515 767
557 187
687 793
289 679
906 519
73 59
267 716
355 215
900 378
609 486
59 811
309 653
729 849
548 588
711 457
57 187
187 707
283 619
588 888
1 506
253 653
426 721
652 360
259 203
609 982
742 447
147 99
776 415
314 199
592 392
59 94
906 629
308 993
662 123
199 306
96 304
883 385
693 789
823 428
825 713
13 569
811 962
74 393
652 358
999 653
130 615
211 102
652 226
125 99
157 65
684 934
188 343
299 1
631 299
222 995
933 199
160 59
1 917
896 165
992 220
696 706
742 810
552 588
752 617
480 74
279 653
174 780
101 46
708 491
798 77
99 478
820 652
346 892
872 212
167 985
822 229
752 770
758 538
935 752
764 752
812 174
524 256
206 1
847 130
505 350
803 47
715 591
967 99
261 1
347 488
783 385
110 239
792 59
350 305
705 108
755 167
725 203
613 990
92 101
364 394
723 215
412 563
457 866
835 652
1 387
214 742
458 650
86 215
690 468
900 54
753 205
236 679
875 779
588 430
148 742
588 741
713 504
523 230
814 723
415 517
906 681
806 494
1 59
167 918
752 415
400 518
347 366
960 934
385 415
702 457
111 101
427 757
856 427
363 705
897 368
740 906
318 292
588 208
457 454
1000 1000
87 290
805 575
39 921
725 802
689 205
439 320
692 208
154 405
426 669
473 303
857 269
723 278
648 371
840 816
338 790
286 246
844 409
405 532
523 644
576 524
646 592
689 62
769 194
75 782
395 49
482 675
816 566
760 512
179 218
109 1
692 503
423 660
207 438
675 450
606 633
868 516
716 725
877 920
83 129
66 372
91 675
820 397
911 290
902 1
408 398
1 745
60 1
861 742
273 748
645 295
697 723
202 736
844 557
826 745
216 331
48 637
196 529
689 35
269 41
536 275
675 183
363 760
260 365
547 760
801 760
844 45
192 261
125 453
597 356
675 602
972 311
871 23
443 295
714 648
820 550
401 259
960 716
133 18
2 722
755 366
688 648
779 16
473 217
656 960
405 886
354 295
90 190
931 9
358 400
659 966
259 366
931 517
98 143
123 716
435 877
641 485
315 114
23 943
481 502
612 648
273 675
340 275
1 473
29 937
642 290
815 17
537 877
769 976
46 843
110 885
205 942
576 406
354 4
716 190
461 366
949 284
331 760
760 355
650 396
433 820
196 689
510 689
622 459
928 986
113 221
510 828
437 713
136 872
510 962
405 913
366 3
844 560
1 469
844 127
538 844
305 84
290 341
671 133
908 533
381 648
760 1
129 623
939 844
369 366
176 646
534 365
270 24
473 870
460 783
296 81
968 692
762 646
648 483
844 1
750 129
17 294
759 23
335 396
692 345
109 34
723 705
878 41
637 283
631 1
921 152
689 485
764 689
344 728
110 924
1 681
465 692
648 448
36 290
365 230
850 273
637 997
875 692
468 769
572 978
111 646
453 845
511 248
485 752
839 921
287 17
567 17
646 92
675 760
227 582
383 458
677 295
473 380
518 50
405 568
609 716
295 876
113 504
1 295
675 342
405 985
716 644
502 795
451 109
243 275
470 902
298 648
42 109
343 269
716 966
851 205
445 1
960 223
601 190
927 129
425 275
503 766
807 689
983 396
405 716
654 937
872 718
85 405
916 295
980 689
633 695
506 689
898 800
290 5
760 820
539 366
636 60
742 664
375 190
226 453
705 827
234 736
760 518
716 359
248 95
569 248
97 473
937 102
716 954
689 771
838 1
751 290
25 648
307 328
133 478
405 806
133 144
372 686
204 344
723 43
104 81
646 744
190 638
270 901
46 696
502 789
205 548
26 417
877 668
735 1
910 190
733 725
736 561
597 290
400 689
473 834
190 182
596 1
372 723
920 210
365 574
963 689
689 1
346 816
456 365
846 998
16 769
723 165
27 269
126 644
761 293
332 736
614 17
691 410
501 402
550 88
133 241
354 682
923 190
354 847
366 760
635 760
786 635
668 418
727 648
820 683
760 570
870 982
393 113
904 190
84 730
303 368
611 980
105 196
646 704
945 644
690 190
791 646
823 253
975 689
65 820
692 30
745 732
670 269
473 549
164 844
76 449
367 648
973 396
502 772
692 279
811 90
454 155
541 133
150 689
745 869
317 967
225 405
344 716
831 473
40 133
692 526
699 417
117 769
886 6
354 184
940 631
414 300
820 862
364 261
329 877
689 575
354 229
648 61
366 717
372 930
290 990
377 515
608 576
844 867
1 17
991 723
646 792
692 505
658 365
473 339
760 950
325 716
737 203
808 723
957 877
619 398
643 218
860 900
116 637
414 199
689 684
663 290
705 882
290 515
372 922
921 995
143 372
248 787
736 58
214 723
396 507
365 220
400 599
231 675
380 128
498 877
467 760
769 896
723 414
527 870
949 830
59 46
420 926
1 965
747 398
129 242
519 190
360 366
109 166
312 778
493 689
365 520
820 880
86 783
877 741
48 334
742 678
361 864
17 866
693 585
736 319
719 389
716 201
275 1
841 492
417 281
525 417
295 883
823 760
933 423
689 572
290 1
261 153
844 740
769 551
371 174
426 689
723 846
382 931
190 463
258 473
725 634
760 313
931 476
198 417
417 917
292 816
572 508
247 842
23 13
604 109
474 844
820 148
405 54
417 553
113 769
848 546
687 844
582 808
723 447
689 562
1 877
502 383
370 295
400 797
937 540
187 648
597 629
760 236
473 122
23 1
769 970
700 645
147 518
645 925
877 250
110 138
211 921
661 1
946 380
338 479
99 398
31 725
333 877
698 336
1 906
546 530
668 586
760 543
285 290
725 964
679 540
261 495
993 426
295 336
165 384
391 597
134 473
657 921
837 295
486 129
133 70
180 952
949 402
398 935
1000 111
816 948
502 618
812 365
637 822
1 257
646 301
502 114
270 488
309 877
853 295
426 53
555 269
398 416
46 716
648 407
894 675
398 452
398 546
17 213
616 769
918 931
286 413
820 167
676 518
694 12
463 156
626 275
365 793
131 417
723 716
405 263
689 84
398 484
270 605
318 576
820 852
722 892
429 409
855 218
1 724
275 753
422 133
160 675
224 645
1 937
120 381
716 833
1 931
313 219
118 295
440 480
723 490
710 473
288 81
502 110
668 80
572 337
178 109
689 81
268 723
398 237
365 558
299 295
327 723
596 859
760 868
716 921
806 798
261 559
177 949
912 99
725 665
10 17
497 637
984 737
960 93
60 955
190 432
405 254
388 110
351 816
974 1
121 689
835 648
635 824
266 689
371 992
607 295
716 396
546 44
272 716
937 21
396 593
302 400
133 158
578 12
502 944
996 400
96 491
514 877
769 909
133 169
244 385
594 109
17 200
295 434
937 151
248 832
56 668
649 354
487 960
140 189
769 373
637 141
274 518
430 426
399 205
600 472
575 666
689 163
365 427
953 1
692 235
646 89
934 689
689 449
19 405
290 115
709 338
725 119
502 240
67 426
23 188
109 961
290 55
716 633
212 934
133 322
22 846
84 238
47 983
180 770
572 941
314 261
68 860
410 716
738 15
419 810
295 431
705 475
893 17
716 863
473 480
245 23
587 405
82 426
736 817
338 145
442 426
181 518
854 692
277 133
720 167
877 739
17 462
522 816
897 196
180 977
423 365
124 502
49 723
844 379
94 423
715 23
731 736
938 646
477 576
637 251
365 887
289 293
572 667
133 774
803 290
398 1
15 398
891 414
646 38
180 502
480 905
338 708
757 716
760 673
513 398
112 1
613 295
542 820
543 780
630 576
15 784
295 33
716 646
647 816
295 78
915 877
290 763
675 799
836 689
577 736
295 749
262 46
723 130
195 354
716 293
109 161
175 290
640 205
51 270
648 702
398 758
646 584
421 473
625 17
653 705
652 886
736 411
446 17
910 888
785 983
101 259
947 438
734 646
716 1
400 707
777 502
1 722
297 414
306 1
716 133
572 64
680 637
816 884
73 366
215 366
610 414
999 596
804 689
414 528
712 820
622 692
776 1
25 554
366 800
261 499
881 1
133 209
951 400
646 361
261 357
109 491
949 662
247 760
496 760
473 932
575 132
248 135
760 552
252 84
949 489
637 265
17 746
266 743
617 716
545 950
190 494
737 794
870 171
1 769
290 392
405 338
572 589
1 648
825 365
579 366
693 1
716 255
648 573
576 295
931 556
406 819
362 931
725 627
414 455
810 716
261 809
535 81
290 872
571 1
760 879
190 100
986 290
417 889
726 311
276 868
398 386
949 760
196 173
1 637
590 270
405 57
685 769
844 813
988 576
378 295
193 398
28 420
473 438
328 820
376 716
937 603
877 7
890 480
222 290
472 639
417 760
560 563
146 846
159 465
323 115
14 473
816 989
672 49
1 981
742 877
723 674
821 705
646 191
295 471
326 473
502 958
365 719
103 295
711 190
197 405
157 769
239 405
139 1
929 920
971 366
858 317
267 270
1 155
705 324
162 1
1 365
295 261
675 818
518 69
270 760
444 575
414 564
285 142
810 249
723 312
426 353
108 551
385 233
637 768
74 760
280 689
949 79
257 987
775 129
910 721
531 868
865 133
348 295
533 366
742 849
248 689
410 107
352 155
310 736
580 16
816 415
624 110
628 290
637 32
692 903
723 308
620 921
259 874
372 311
645 655
994 576
293 330
387 645
72 760
349 290
372 936
756 846
423 304
1 816
453 760
796 398
596 20
383 52
651 820
595 295
466 423
701 17
581 295
689 737
820 140
232 572
295 11
521 745
931 271
760 286
190 316
829 17
723 63
1 502
114 914
959 949
518 71
77 90
844 598
565 133
321 129
172 783
877 218
149 877
502 632
591 645
907 275
765 17
668 412
457 115
291 872
270 404
185 293
170 362
290 856
692 716
760 464
282 692
437 760
648 12
336 703
675 615
414 767
354 186
689 492
689 347
820 783
472 689
106 820
860 1
374 84
275 509
8 745
420 760
37 290
969 480
365 320
949 773
366 394
723 206
781 644
879 544
736 716
716 129
760 428
588 160
290 873
844 782
385 760
424 949
1 754
583 760
716 228
788 133
317 473
109 814
453 706
328 956
350 806
899 646
436 485
137 716
729 290
646 390
355 168
441 648
269 621
383 403
675 256
510 264
261 500
1 269
919 84
979 437
17 895
1000 1000
800 597
665 753
657 370
796 563
951 816
672 144
828 630
567 662
154 5
335 679
630 889
334 427
630 167
234 651
173 494
972 406
190 823
190 435
206 1
406 761
370 1
401 369
658 816
111 611
643 154
175 190
201 111
190 1
572 766
443 154
172 128
698 403
412 272
344 1
334 455
630 681
46 123
647 60
413 534
161 893
665 698
123 502
454 158
653 156
98 910
66 140
60 600
758 210
816 937
98 704
656 1
1 551
515 429
424 1
370 454
275 539
128 143
698 500
284 465
566 60
516 533
121 537
140 856
893 913
329 175
637 593
206 775
123 795
123 37
581 123
643 232
60 859
124 817
316 934
594 48
506 706
517 267
1 881
907 1
400 304
862 651
175 748
441 457
638 4
585 60
571 174
262 933
34 651
680 679
710 706
726 631
331 297
957 156
22 1
913 264
239 746
508 115
128 933
183 510
137 745
813 992
777 973
548 601
904 305
745 249
1 434
1 386
424 472
524 424
547 847
190 799
652 240
951 559
32 998
961 468
175 352
587 698
943 349
880 877
883 641
905 316
884 190
834 390
286 548
725 273
643 495
98 642
140 450
275 36
631 857
516 169
70 409
350 154
210 166
400 67
705 457
880 802
119 154
628 517
24 223
273 637
651 979
662 254
211 275
683 764
906 115
183 341
424 999
28 144
183 94
273 382
482 369
175 252
461 679
351 492
517 815
247 115
629 60
128 914
263 728
892 590
56 745
579 275
273 343
129 322
980 381
766 275
711 98
541 295
379 548
489 745
93 273
275 739
221 334
61 745
532 255
419 638
348 123
358 706
867 548
694 410
967 128
1 75
370 554
525 190
688 22
140 597
302 698
975 275
651 96
360 548
985 140
136 961
387 413
10 1
413 375
183 977
679 516
757 156
607 123
684 115
698 573
183 610
170 893
913 605
511 275
646 936
641 162
836 677
79 183
838 346
908 548
200 486
402 638
457 356
424 722
893 444
991 639
629 458
441 911
817 273
370 256
602 424
154 947
273 497
23 183
325 428
706 923
745 954
1 293
586 563
123 353
880 315
909 222
424 120
811 745
105 175
275 498
218 86
635 386
820 698
719 457
190 663
366 154
118 679
349 425
140 577
630 404
686 107
600 202
1 571
275 374
273 16
410 338
844 457
675 904
424 689
916 556
651 476
547 640
797 916
405 563
589 374
569 584
991 190
594 648
370 621
273 893
60 421
318 677
183 99
625 652
713 548
369 983
505 154
98 759
380 679
583 738
275 345
289 893
987 123
45 627
123 486
140 544
825 933
575 22
286 207
645 86
52 664
236 631
988 330
290 517
771 140
228 689
183 1
904 1
904 504
72 893
548 998
804 745
776 750
564 630
769 547
548 391
832 916
445 363
215 422
273 303
1 698
183 445
115 743
679 462
461 660
942 818
998 958
128 47
148 1
123 337
517 548
429 243
35 816
239 845
866 272
422 576
969 517
336 275
135 548
609 813
646 965
179 410
991 165
274 275
404 138
442 607
477 808
154 176
548 392
517 522
1 646
394 123
123 210
745 110
568 406
413 280
9 152
751 20
457 453
273 122
548 429
1 750
316 275
772 998
60 875
718 662
413 767
698 276
616 750
208 119
140 843
287 991
781 456
194 631
8 662
988 60
679 313
698 86
678 651
745 788
429 650
652 745
415 662
816 779
386 50
299 128
111 339
662 555
1 548
370 24
235 817
679 484
1 838
213 584
133 679
849 386
156 885
128 547
386 33
128 670
255 452
190 778
413 724
295 273
571 876
413 273
546 183
389 374
584 548
439 843
417 955
45 87
273 123
115 1
647 948
253 237
98 959
275 789
44 422
698 132
457 314
239 805
59 225
1 745
334 104
139 17
630 483
971 190
900 517
590 1
1 433
246 281
460 893
641 698
410 266
191 123
803 111
227 334
300 813
839 745
292 73
517 411
123 897
370 863
86 919
307 679
183 131
447 548
686 854
475 254
794 679
463 413
86 887
991 127
712 156
466 584
846 1
913 604
516 25
255 780
1 606
383 275
183 818
664 84
428 1
333 273
563 899
773 966
175 974
698 735
517 973
966 535
801 630
123 891
874 651
548 130
594 702
349 117
123 365
1 98
848 282
893 431
817 251
872 190
424 393
893 198
786 1
933 598
798 913
114 875
698 448
961 40
98 474
545 1
278 349
384 432
690 334
13 548
756 547
206 841
62 392
255 655
1 369
410 822
698 260
273 749
370 21
745 494
519 273
206 752
273 111
385 913
997 563
222 1
528 128
946 733
331 29
128 835
22 523
896 916
699 175
78 239
60 30
183 204
159 664
745 156
477 636
953 548
288 651
76 631
168 641
219 123
920 154
662 638
813 479
805 915
945 662
734 156
331 553
424 422
424 160
584 41
386 827
477 742
893 930
922 334
144 142
760 1
413 707
698 418
437 880
108 60
682 60
265 781
370 669
157 239
190 924
7 273
183 101
818 185
156 496
565 273
676 424
662 964
43 651
1 396
566 824
1 668
662 63
928 517
241 1
53 584
916 744
893 103
701 140
149 210
357 429
623 413
465 261
851 516
457 708
995 413
239 322
465 116
630 244
750 212
273 1
429 113
745 14
843 12
334 745
151 646
529 548
253 128
842 334
632 273
351 949
128 420
860 316
737 816
646 69
563 273
97 417
700 275
732 183
231 351
1 140
960 548
386 414
745 324
190 543
584 270
467 253
154 361
1 406
538 494
273 594
74 662
98 451
144 644
417 931
679 171
745 349
984 461
317 578
855 517
123 58
695 382
793 190
85 386
830 369
600 77
328 429
60 319
465 1
880 698
239 273
429 147
745 878
982 429
422 952
961 1
654 457
649 424
716 239
183 962
488 584
852 805
968 273
416 369
740 573
86 209
784 272
190 292
651 986
706 557
255 197
880 82
647 989
181 706
729 750
470 424
527 275
613 517
938 400
464 968
98 347
225 548
60 320
679 677
126 22
273 791
351 273
121 128
481 45
349 306
190 552
312 370
275 754
271 86
904 27
536 154
123 246
614 818
1 631
60 26
1 813
810 745
888 834
501 255
804 493
331 273
410 939
582 210
806 594
817 471
720 1
829 98
826 428
239 6
285 386
630 853
164 747
351 812
781 273
966 662
766 2
707 755
372 1
548 509
190 112
996 111
298 594
123 990
652 592
282 248
230 594
373 98
750 918
485 916
154 273
369 367
309 904
521 206
273 898
57 651
19 183
55 123
92 745
98 359
880 691
893 715
595 817
794 869
316 574
273 819
342 465
273 774
19 199
354 275
932 316
916 323
594 514
615 98
255 190
714 818
679 301
70 662
245 543
674 370
70 912
429 917
440 698
369 182
1 807
42 392
294 880
144 273
273 731
728 291
809 543
83 745
98 736
717 128
517 747
671 115
296 334
624 638
89 745
163 679
187 741
1000 275
362 893
641 388
370 618
39 597
429 561
224 141
370 364
875 886
403 503
725 787
864 322
762 123
275 728
630 929
548 139
177 1
480 450
273 685
423 428
60 768
250 731
816 20
144 109
3 22
946 963
88 643
227 661
410 659
988 814
790 156
461 976
588 662
1 60
273 580
180 190
424 926
664 662
430 913
698 687
921 424
424 214
1 630
386 703
1 141
275 1
981 225
370 317
727 805
410 879
255 71
183 490
570 144
491 662
630 935
662 603
90 548
1 531
745 400
662 371
783 662
916 619
413 925
548 54
1 15
477 146
446 913
550 548
1 662
272 620
804 785
386 340
1 233
782 369
617 594
397 893
22 187
890 413
662 226
770 698
370 513
128 1
407 154
128 459
477 1
183 994
534 599
220 494
697 210
429 384
901 651
651 1
667 370
548 549
894 386
417 275
242 370
526 698
349 792
821 10
275 873
543 837
530 119
634 940
81 682
723 144
834 123
398 630
183 381
686 378
80 713
850 698
24 408
540 60
376 144
144 927
944 630
662 51
457 308
269 128
258 745
560 370
279 139
154 956
321 916
487 392
438 239
698 686
507 351
239 186
517 562
865 128
368 850
662 970
154 216
98 31
268 679
692 594
273 449
273 203
424 11
100 351
178 548
91 225
106 140
1 633
417 95
144 868
1 946
190 426
392 940
558 350
410 1
548 457
895 631
206 902
316 693
754 355
345 257
745 612
683 548
903 86
518 60
457 377
520 369
950 913
334 282
882 140
327 60
607 238
22 833
916 310
548 870
941 584
730 690
196 646
272 436
195 429
102 517
258 18
239 283
153 916
275 64
745 125
765 183
275 150
332 477
334 229
374 666
834 49
871 275
673 334
370 696
763 275
38 725
709 509
622 374
721 477
68 594
374 473
323 326
542 239
563 193
1 831
478 140
840 413
273 858
217 225
861 291
192 183
707 469
679 259
517 591
630 65
608 417
374 978
725 596
966 277
334 311
272 273
205 256
273 679
188 60
399 275
512 457
916 1
45 273
933 184
189 98
499 144
154 134
392 993
706 1
745 395
9 369
155 445
175 145
548 816
626 563
988 738
1000 1000
776 488
925 958
713 852
11 372
399 116
221 869
966 211
479 970
809 817
981 422
233 977
173 622
221 370
113 260
322 109
911 203
406 257
202 109
80 563
966 304
122 234
458 540
664 511
710 144
637 776
778 590
59 712
603 617
620 222
621 951
626 776
99 611
973 159
300 106
906 205
510 711
9 691
234 548
1 482
79 221
321 521
905 699
117 421
334 981
249 521
589 109
27 546
73 817
817 78
712 287
712 761
899 201
902 981
981 479
944 236
116 243
879 432
617 572
655 617
458 966
408 621
563 96
907 260
574 372
695 1
797 221
121 13
771 578
776 936
583 600
350 1
922 898
604 563
664 554
271 126
521 363
194 447
27 484
496 851
516 869
642 799
664 624
869 42
36 578
863 221
638 445
201 563
416 994
458 450
130 221
65 478
621 477
386 77
521 583
89 544
28 873
760 740
621 280
701 1
476 292
676 277
664 451
673 277
960 173
925 794
631 981
994 963
200 109
894 383
664 6
827 832
481 528
664 333
994 192
578 545
474 966
1 704
894 798
392 456
421 712
854 617
664 765
776 487
201 468
827 77
247 639
652 399
163 366
399 675
3 621
966 10
377 784
689 100
116 111
302 994
903 563
418 894
617 678
712 648
615 75
685 886
215 116
298 550
24 925
66 85
735 221
395 27
972 869
563 1
43 59
509 657
493 415
818 1
510 966
314 655
358 940
525 975
712 1
569 116
469 421
351 124
578 1
617 139
107 664
617 886
709 749
900 496
178 535
655 836
940 269
281 932
896 897
925 610
83 956
776 620
800 741
991 205
617 389
496 444
458 150
608 304
220 421
170 997
291 715
528 521
406 974
563 76
309 609
308 213
994 264
740 627
638 617
431 981
320 584
116 531
242 110
263 116
345 712
509 980
597 776
746 925
221 848
714 568
966 319
15 520
1 579
203 758
102 940
699 278
977 436
462 601
201 407
244 1
617 926
776 425
986 584
114 592
241 255
705 984
635 609
617 265
613 221
702 966
788 203
58 712
621 47
784 485
1000 474
703 406
950 709
173 35
265 294
224 966
609 33
260 966
399 71
841 242
204 221
784 116
654 260
25 898
1 292
638 752
869 720
23 853
772 648
585 521
221 375
242 722
966 411
528 393
573 203
895 221
587 816
2 966
712 778
182 478
90 902
824 731
852 817
817 181
664 394
173 712
697 738
712 837
617 556
201 808
92 729
957 776
966 103
226 776
525 195
620 208
888 925
308 617
521 439
617 816
863 630
271 966
339 284
127 925
478 826
157 655
207 981
718 664
269 262
955 740
932 623
118 116
994 72
196 353
910 940
371 981
920 372
467 890
981 530
332 621
284 116
670 639
503 389
89 656
742 27
494 277
225 165
593 221
455 776
174 75
660 966
662 509
770 606
231 139
461 155
690 458
362 509
829 13
621 977
981 100
827 536
351 161
966 279
128 803
965 75
576 539
578 567
983 664
464 621
509 286
618 628
806 715
521 929
617 17
114 214
197 578
525 68
164 1
221 709
994 947
756 75
447 653
1 914
776 658
429 925
169 186
356 521
667 260
655 461
221 140
857 235
166 118
526 738
552 712
303 528
118 168
489 144
740 616
619 478
331 413
686 977
173 633
775 816
740 29
827 329
707 776
59 296
242 1
677 669
709 256
639 336
221 1
909 651
712 699
780 23
491 894
512 475
507 85
776 250
640 331
277 859
655 227
173 368
621 688
867 289
452 827
609 833
13 460
609 860
949 521
679 173
289 1
871 371
716 940
271 915
928 289
621 887
698 372
118 335
917 487
638 307
458 312
502 869
46 994
374 655
891 609
617 927
86 925
328 966
175 434
634 776
435 509
686 582
509 935
449 617
723 292
33 877
366 75
397 144
479 84
858 680
529 175
714 521
361 23
894 404
448 836
981 499
125 116
759 677
372 104
98 331
655 822
994 135
221 379
892 817
521 789
221 864
773 932
977 671
621 19
585 228
145 966
480 650
5 184
908 170
456 206
655 645
621 916
966 298
994 221
260 518
372 939
850 761
596 528
655 466
657 48
599 827
776 430
391 994
869 727
1 776
778 779
116 753
784 823
904 27
83 260
162 372
979 869
176 621
940 901
521 532
677 617
116 770
618 612
116 160
313 994
879 559
212 75
921 617
777 265
423 399
865 413
894 380
237 617
1 205
793 776
74 509
1 525
374 318
479 357
492 45
966 584
38 399
514 406
116 824
687 894
655 542
221 372
443 406
831 331
647 170
221 663
791 621
509 978
894 232
784 382
209 712
480 814
894 190
655 472
714 230
835 966
981 998
792 203
406 515
331 966
638 297
133 940
317 966
948 1
277 306
341 562
430 188
699 454
316 83
734 118
237 405
359 699
114 242
89 638
116 768
966 740
245 602
919 221
668 509
331 128
520 996
863 180
584 802
944 406
706 969
351 270
510 483
482 795
305 776
617 60
946 890
869 216
784 56
1 621
509 708
896 565
994 123
447 748
725 269
810 193
173 766
173 4
694 13
523 714
34 371
644 116
830 894
528 855
27 581
774 617
458 95
342 234
709 409
664 167
479 938
59 70
365 799
648 882
578 866
173 973
92 875
260 108
55 521
351 61
869 30
969 563
683 994
584 549
223 528
478 433
739 672
480 522
712 807
1 346
210 114
941 902
271 360
171 664
874 389
521 856
289 968
909 578
646 966
981 769
53 584
308 812
664 999
594 617
271 248
283 817
97 331
894 471
747 92
677 825
981 453
655 351
1 981
909 885
578 985
862 709
311 520
638 861
932 521
664 1
258 929
116 106
81 649
724 981
170 894
85 75
509 381
609 52
173 844
26 836
116 355
254 638
116 614
292 129
286 577
992 75
459 331
221 27
617 152
282 89
571 116
490 863
801 705
412 479
1 580
909 967
551 969
109 881
842 221
187 753
684 776
817 492
131 292
813 27
513 981
776 896
943 824
324 271
441 709
276 863
253 462
817 50
894 20
353 1
424 712
92 942
709 348
680 665
376 712
840 471
376 352
838 201
521 82
221 137
289 828
183 817
674 712
389 681
641 776
132 894
521 570
560 289
584 804
981 781
588 435
782 271
75 1
940 177
558 114
981 564
105 456
289 561
666 879
799 966
528 273
116 251
277 767
981 475
260 400
420 873
1 203
201 636
524 521
172 578
562 289
655 717
465 539
898 578
109 617
712 894
566 705
175 517
87 203
977 21
940 805
799 912
13 981
414 631
64 563
994 625
520 289
415 617
277 5
981 611
340 664
981 369
353 267
1 116
13 364
149 399
331 347
995 966
410 116
927 754
655 800
617 14
737 753
940 219
225 234
776 148
81 419
89 229
816 31
370 134
896 315
7 541
659 966
934 234
971 415
827 442
715 373
13 88
295 886
682 205
461 473
406 783
27 632
817 1
607 521
898 22
116 54
699 553
1 618
120 116
705 221
578 93
700 520
924 776
271 739
827 964
639 878
925 712
1 872
83 543
203 547
937 585
657 755
326 242
240 927
478 923
563 883
292 385
478 1
709 402
732 94
962 578
486 389
978 555
238 331
399 764
496 51
525 605
820 712
578 762
221 945
427 966
76 218
456 259
203 504
595 203
712 538
869 354
378 584
591 116
40 203
115 421
650 463
880 994
894 721
521 884
396 292
398 372
695 751
384 894
271 575
221 151
217 966
578 539
712 930
750 778
277 712
712 732
186 272
834 1
447 521
869 790
246 221
895 870
527 609
403 186
614 796
417 242
521 519
479 143
743 869
252 771
776 92
847 940
175 868
255 116
521 954
730 929
421 138
584 44
457 205
406 275
266 406
199 250
391 989
323 509
509 221
456 655
839 435
191 1
349 83
535 740
784 733
116 153
1 940
301 221
520 401
175 338
696 116
142 406
712 23
41 331
1 533
67 520
736 221
521 1
37 265
598 981
787 740
617 119
299 221
617 63
869 193
175 1
873 116
929 158
23 643
933 753
156 521
289 495
638 629
367 925
639 869
863 786
541 509
714 757
203 857
845 221
584 982
785 1
843 186
198 415
116 501
680 776
894 330
966 32
966 49
691 1
92 497
913 173
961 925
75 849
390 289
918 567
977 988
271 343
894 146
271 931
147 981
144 712
13 763
953 480
508 443
505 705
994 112
852 268
85 428
12 33
421 889
528 261
638 141
617 288
438 1
817 81
655 879
815 677
987 221
189 664
959 521
399 446
271 16
699 537
994 738
776 91
563 462
728 563
894 293
325 940
1 480
470 994
719 406
388 966
894 62
952 863
426 562
221 976
715 712
951 290
370 893
101 805
745 817
776 498
257 387
621 876
712 609
234 621
83 993
234 18
1 496
242 39
617 406
990 981
557 92
846 521
821 863
617 602
310 331
285 277
811 27
1 186
521 344
221 500
277 534
677 819
372 239
744 496
8 621
136 89
506 655
1 617
458 69
274 260
890 116
179 308
586 771
827 509
353 154
693 42
203 692
203 661
896 57
185 940
440 827
415 337
966 1
437 852
23 726
372 327
1000 1000
478 348
898 420
304 709
88 52
384 8
159 281
780 117
359 702
227 323
938 508
408 611
898 791
620 77
828 403
653 816
127 268
559 38
890 368
126 685
790 105
441 451
83 69
240 421
955 159
989 758
12 195
577 530
732 244
451 945
499 451
231 816
52 773
244 290
178 559
64 797
978 817
519 978
49 197
942 841
484 1
989 602
804 427
911 453
828 640
895 816
347 474
938 766
176 117
778 332
670 898
449 790
246 863
1 8
892 828
530 65
4 302
925 522
816 908
503 451
898 501
790 114
453 80
460 549
792 12
227 1
950 267
396 663
504 690
807 243
392 709
155 165
931 593
545 1
818 455
550 244
156 690
33 8
924 451
421 434
42 816
451 959
274 4
679 359
24 819
926 641
359 631
833 59
117 235
923 1000
438 436
432 651
942 269
12 540
148 236
779 536
750 1000
117 598
363 819
678 194
530 84
852 1
861 755
307 37
349 593
943 407
155 101
277 617
146 557
454 898
526 398
992 222
816 659
95 898
833 142
711 455
749 12
900 693
833 457
407 423
267 225
1 819
373 828
277 375
958 315
112 156
543 918
421 1
834 385
396 751
222 833
594 398
218 75
125 499
740 238
762 1
978 320
137 819
1000 696
614 1
623 36
629 549
898 294
324 896
369 481
898 961
1 482
511 942
958 963
882 435
833 739
248 351
230 990
1 938
676 938
567 938
441 682
774 833
369 48
787 307
938 856
596 407
546 964
1 958
156 514
964 953
344 861
593 886
571 900
100 945
945 921
964 244
549 126
872 159
833 797
938 987
772 124
870 698
41 164
56 1
486 8
12 989
181 52
312 530
1000 443
734 126
799 978
833 816
1 898
304 767
376 525
255 762
398 697
608 307
459 156
19 451
244 914
4 587
811 888
762 405
245 244
98 298
658 381
457 689
847 833
61 407
126 1
863 156
163 990
325 887
778 123
251 457
411 117
861 995
93 201
117 451
530 605
39 52
681 222
49 402
201 928
227 675
52 141
1000 143
439 450
49 705
457 860
132 52
34 155
938 339
1 4
337 317
6 833
593 1
684 148
644 345
152 4
535 156
352 843
878 833
563 661
262 451
234 385
803 861
407 560
442 345
945 879
854 766
995 723
633 156
489 499
355 156
938 148
877 345
922 964
958 399
925 833
623 203
23 389
940 819
837 126
215 325
451 387
244 654
244 13
148 589
75 364
822 989
325 182
201 618
69 833
330 833
1000 239
1 790
823 457
856 10
938 90
652 794
151 451
986 1000
898 510
668 396
742 559
833 561
140 1
627 8
740 126
967 304
258 1
44 258
155 833
359 341
795 457
396 625
67 762
1000 41
69 718
793 159
356 925
117 806
843 3
958 309
41 866
729 493
739 821
450 1
728 69
381 155
117 556
559 655
440 245
201 632
256 814
372 351
882 833
612 398
945 214
595 530
978 451
131 499
643 117
738 559
743 155
155 209
75 260
451 455
586 978
829 156
408 958
161 900
896 4
367 819
8 272
621 109
456 12
688 492
958 379
396 677
427 1
739 87
730 117
318 455
252 846
445 1
453 721
436 662
623 590
775 156
52 903
244 414
762 347
126 687
712 155
816 202
819 134
265 244
258 512
851 355
575 117
597 559
762 639
175 407
241 158
900 211
244 965
451 808
348 304
472 1
156 268
530 713
359 233
17 244
945 76
762 683
957 1
505 191
304 183
313 421
949 389
451 398
244 386
788 355
316 319
593 390
938 706
111 159
20 508
1000 538
604 4
219 274
453 548
482 490
254 129
85 304
569 126
193 1
148 529
538 657
982 593
977 945
716 995
126 798
816 296
428 938
819 603
342 762
616 74
645 96
187 861
680 861
194 126
889 1000
778 579
845 304
455 186
109 861
155 915
930 958
659 18
710 156
156 447
753 396
122 268
453 357
800 794
8 707
228 893
451 1
739 253
359 626
739 956
692 958
874 814
727 493
869 222
1000 437
208 4
244 991
174 499
279 457
989 217
938 976
143 998
739 292
964 554
833 828
144 325
108 41
929 593
736 898
925 880
833 651
331 8
528 204
762 305
169 110
778 378
86 850
826 482
954 530
544 559
451 201
433 578
731 898
622 766
623 844
814 155
1 498
451 75
699 530
794 191
395 398
409 898
488 55
995 809
118 978
925 948
938 975
916 828
942 539
530 99
289 421
4 694
978 883
815 623
451 71
761 514
130 385
249 351
910 407
194 104
422 201
455 469
479 302
509 457
690 172
418 690
559 672
12 717
173 6
492 117
748 227
57 857
220 396
849 244
776 450
988 534
900 1
919 126
855 451
493 1
515 126
310 240
410 355
636 245
319 760
625 210
300 861
380 530
714 762
40 819
762 280
580 4
938 359
836 762
968 304
126 196
150 530
646 819
148 754
201 719
995 592
1 703
979 244
1 304
8 881
189 828
525 4
34 865
451 985
833 453
960 52
257 351
1 244
898 232
488 819
945 216
1 989
530 206
942 252
485 117
942 833
665 304
996 1000
314 945
964 660
891 989
393 52
583 396
424 15
421 167
725 52
564 82
938 777
516 451
223 4
471 228
724 385
117 909
159 1000
334 566
49 552
499 533
12 532
907 450
369 938
942 213
819 303
120 155
362 790
551 355
124 1
455 199
264 549
801 861
698 275
958 97
995 60
361 277
610 938
508 26
523 833
559 451
856 68
563 1000
156 307
72 1000
838 498
458 277
1 833
455 21
404 942
572 797
97 648
523 582
170 155
989 518
769 244
4 939
148 765
334 833
334 284
4 382
343 407
407 436
78 41
593 391
938 383
244 336
58 75
962 155
466 938
155 832
285 453
338 126
247 52
637 353
345 444
482 397
752 938
896 401
319 842
789 559
204 900
491 244
451 160
951 909
259 764
607 861
828 875
1 861
944 436
126 513
952 861
741 244
52 935
436 242
63 833
585 62
624 244
964 722
201 531
938 623
649 75
421 350
945 293
407 600
185 1000
326 538
41 974
244 47
50 978
168 790
867 925
455 388
989 781
669 574
450 171
634 816
701 530
1000 107
148 377
495 517
266 690
57 8
465 508
942 568
351 506
259 833
835 574
833 820
156 207
926 1
96 79
381 212
325 496
351 747
861 237
155 890
141 542
295 82
468 507
4 811
534 374
981 259
287 8
370 690
534 843
938 802
783 806
816 576
946 8
462 222
421 115
244 785
932 482
2 898
726 319
828 927
814 311
769 720
148 745
827 8
334 429
486 581
325 4
1 574
431 499
584 451
4 73
102 369
156 394
917 498
317 156
978 205
771 990
426 794
291 816
938 82
1000 110
49 96
805 711
1000 599
524 819
816 301
530 573
819 329
790 520
942 153
453 947
9 4
797 200
451 198
184 457
601 407
250 828
74 117
304 704
833 407
990 335
406 762
862 427
407 733
436 416
797 588
797 282
463 816
487 304
843 938
222 446
623 425
938 30
273 457
530 555
790 53
98 156
407 912
359 283
898 527
938 695
451 129
762 570
840 623
938 413
549 848
124 894
498 619
980 1
786 369
461 530
674 833
647 545
673 194
814 664
969 4
421 319
54 900
12 858
1 1000
419 819
934 790
470 861
359 43
1000 16
304 412
45 8
331 297
902 656
457 553
650 924
267 451
433 244
833 133
351 502
190 819
476 778
807 126
229 763
1000 31
861 906
941 4
359 936
261 942
41 708
558 925
12 145
82 70
966 806
103 244
32 201
993 450
77 1
263 1
938 613
41 735
945 464
530 1
871 277
816 700
495 407
740 28
810 549
417 126
148 11
686 117
22 819
12 276
146 938
913 665
978 360
824 451
366 499
766 796
8 637
355 371
759 155
500 229
156 1
989 29
126 475
507 477
642 833
156 340
989 635
790 756
155 229
148 327
1000 999
244 228
355 746
94 441
396 91
562 861
990 180
4 14
86 833
221 334
226 319
1 321
778 1000
147 156
25 244
398 973
559 139
690 448
630 351
66 958
876 302
1 541
964 813
345 859
744 277
978 970
482 884
920 126
897 816
148 27
507 155
192 828
559 825
358 938
909 119
938 904
843 270
304 770
369 7
814 106
157 396
628 958
136 816
121 833
715 453
925 537
328 156
905 82
494 794
527 782
839 833
149 849
958 606
666 421
148 346
41 497
451 473
126 415
812 918
81 964
864 148
978 299
400 4
452 156
833 984
244 853
396 873
286 492
739 671
778 467
899 549
983 124
333 126
794 451
436 135
128 856
15 278
482 784
868 902
768 769
591 861
530 430
451 345
267 365
972 268
898 615
421 547
244 162
989 994
900 638
918 1
833 96
737 958
831 267
667 427
8 830
833 354
334 113
565 427
691 989
687 885
389 4
35 593
92 398
480 339
997 861
794 306
797 177
351 938
902 1000
901 814
1000 385
762 188
958 15
937 415
396 155
52 971
304 154
148 224
451 62
933 525
166 126
779 96
698 833
1 52
351 521
308 451
51 244
757 964
559 46
288 156
385 5
482 609
833 990
989 89
762 322
179 148
938 277
138 407
711 271
116 958
483 938
126 241
1000 1000
606 314
494 112
1 814
67 855
360 845
160 229
567 590
338 540
607 201
732 5
19 475
112 445
152 726
462 764
508 19
611 376
300 814
284 776
744 266
426 932
301 896
491 408
500 106
671 509
420 19
664 160
426 733
607 967
974 500
330 471
944 672
15 878
37 139
218 672
917 327
592 112
303 887
675 503
869 824
877 226
867 687
403 72
891 280
845 361
538 198
14 1
503 66
273 253
548 735
226 682
515 326
389 223
819 272
351 356
781 528
139 889
190 91
916 503
883 491
504 355
769 64
806 553
548 979
859 160
1 354
939 891
457 19
667 842
898 691
160 398
829 875
537 1
854 986
551 102
711 752
17 590
204 587
401 412
936 417
214 446
241 764
151 582
726 728
777 20
602 272
160 659
788 876
96 130
957 678
112 383
646 847
910 153
261 503
496 510
970 232
590 668
704 385
536 395
503 499
64 74
882 726
139 78
503 277
607 478
550 711
54 381
934 951
973 229
941 426
331 139
805 145
139 588
385 406
64 694
19 166
272 519
657 787
752 177
548 762
160 604
174 64
423 1
590 329
816 1
853 987
948 272
344 470
517 716
354 709
858 53
540 556
858 750
82 204
569 813
72 333
378 354
657 737
493 520
904 455
548 940
272 893
208 443
272 711
1 766
1 449
506 908
858 782
725 19
1 426
732 374
858 590
394 612
507 672
339 160
1 690
561 607
34 764
590 946
691 650
145 477
526 364
273 19
485 657
74 489
764 288
61 93
726 182
364 1
231 503
607 4
345 188
631 806
779 344
958 605
607 564
615 867
176 232
1 764
159 613
590 695
476 160
749 966
597 936
764 119
268 842
590 705
513 423
1 160
516 386
516 897
792 129
853 884
232 603
114 422
503 639
900 536
70 52
266 40
375 532
850 830
426 140
503 815
726 652
622 691
623 854
657 347
845 534
100 1
768 64
299 516
44 215
992 936
726 727
834 977
1 776
298 590
337 503
841 854
481 908
607 54
64 509
531 188
686 272
590 930
546 19
464 178
711 161
96 97
814 628
373 540
70 272
686 802
266 409
354 467
536 157
701 830
162 626
388 590
666 426
16 401
151 658
139 105
936 904
117 686
726 453
448 229
229 589
503 869
258 858
375 282
428 19
120 813
229 404
912 657
19 972
189 977
422 629
354 794
356 936
585 133
401 964
303 590
854 350
22 517
266 938
653 977
203 160
674 355
627 569
838 726
363 309
272 232
257 272
460 1
708 764
289 64
242 778
69 686
641 426
308 414
236 272
855 936
726 637
657 272
906 491
901 909
949 19
845 141
536 3
503 173
994 830
87 423
341 354
983 232
503 966
171 799
1 894
6 423
272 806
232 73
804 422
356 790
842 738
200 966
540 272
7 686
13 966
632 204
814 828
478 292
354 325
657 147
743 764
773 936
64 92
713 686
326 447
1000 72
247 70
818 548
984 229
70 27
232 853
432 649
121 858
214 150
764 545
96 947
693 672
822 536
657 315
122 145
47 503
353 806
784 607
918 645
396 133
732 160
767 548
423 162
302 355
886 726
503 131
590 94
334 19
1 223
831 517
607 187
569 332
638 778
764 542
661 272
595 503
1 681
936 915
548 1
19 210
434 891
966 304
770 858
867 1
842 319
920 732
533 401
145 36
867 234
103 503
700 423
620 867
178 160
854 696
183 493
982 936
484 827
272 775
440 354
180 607
933 649
814 359
323 690
807 503
792 342
263 491
160 569
686 438
821 969
793 657
431 294
204 997
267 1
43 709
11 836
981 717
792 372
229 107
569 756
195 936
910 590
977 651
601 957
909 846
251 160
138 821
909 978
503 707
256 309
442 232
151 503
181 867
86 503
327 943
9 471
113 732
584 607
977 366
866 229
376 19
125 670
44 924
590 294
580 896
636 607
811 1
132 354
503 516
426 262
145 233
517 598
814 656
503 525
718 162
827 503
830 111
814 530
344 272
8 522
336 957
1 672
64 418
1 765
272 726
517 32
160 112
503 349
24 326
38 792
856 858
903 766
387 273
649 413
19 410
552 858
578 72
757 423
758 139
145 1
139 77
19 555
377 303
777 679
1 309
444 573
1 788
1 291
213 232
273 461
44 232
370 419
569 774
593 607
878 312
988 232
235 271
458 19
764 514
1 327
422 30
936 39
64 228
911 229
238 792
503 888
962 780
1 936
936 473
590 134
842 1
471 170
496 633
503 136
71 160
324 19
952 686
10 326
719 160
397 8
524 190
426 926
225 536
184 334
214 1
776 644
845 250
999 272
503 72
590 60
936 365
272 252
583 873
590 1
977 547
303 328
79 981
451 657
842 219
899 118
509 155
791 272
272 684
98 139
273 892
354 237
505 777
677 711
577 503
139 848
968 70
8 995
591 590
936 919
380 632
872 657
459 796
186 691
771 792
50 272
229 497
175 842
617 607
830 346
287 739
867 31
654 649
966 340
382 187
858 249
905 711
590 495
559 232
316 918
19 586
102 371
19 680
165 272
162 290
260 385
835 977
160 240
909 285
443 160
548 574
660 966
590 205
143 145
685 1
19 362
648 344
814 562
977 306
326 663
75 1
1 19
248 569
852 113
871 548
806 646
266 393
748 936
422 272
322 370
270 8
792 42
62 686
536 976
179 423
139 163
517 480
139 169
19 57
583 607
632 368
548 313
305 569
563 160
630 672
764 172
266 702
548 795
954 500
977 108
726 35
792 216
197 70
569 259
910 224
977 610
261 568
1 536
686 800
870 326
927 493
830 959
96 990
977 928
160 541
643 232
1 58
640 64
145 581
190 575
878 272
232 283
672 698
159 272
692 616
320 548
996 590
475 902
503 875
916 535
144 503
110 229
830 245
160 691
422 845
853 860
274 792
99 936
557 437
96 607
869 487
441 657
265 690
890 867
116 491
95 64
936 287
65 375
548 127
590 951
548 296
891 503
1 607
206 119
279 435
498 891
160 199
573 867
605 503
833 590
142 936
607 401
379 139
356 980
899 536
229 942
706 936
226 354
207 422
647 344
133 688
81 19
936 217
951 832
527 607
569 868
692 19
792 133
491 222
676 423
160 367
314 503
539 936
590 493
266 272
286 1
190 281
607 874
788 937
429 435
517 64
264 1
714 1
797 160
423 576
423 454
549 173
405 867
255 337
391 426
529 435
272 798
935 70
985 266
809 936
139 543
123 1
450 830
621 914
41 977
742 936
352 229
827 720
908 185
590 981
554 1
146 232
303 128
19 307
8 864
764 836
29 139
244 159
950 70
857 8
851 607
459 503
548 566
25 909
821 160
837 132
47 843
272 854
502 590
390 792
755 96
573 736
135 64
699 1
84 830
764 472
570 910
139 369
936 193
732 745
560 853
842 801
500 503
327 683
124 607
18 72
335 496
394 278
916 275
925 788
12 778
160 908
942 730
126 548
657 490
64 61
399 536
1 521
326 781
355 310
501 816
792 558
517 452
741 422
960 607
862 690
1 272
881 891
98 723
814 961
690 922
423 763
72 88
19 746
326 430
703 19
729 503
918 596
1 204
192 910
777 327
955 491
72 55
957 160
607 456
751 272
272 211
672 780
220 266
632 479
309 812
670 160
154 788
844 842
885 858
895 672
772 607
590 437
503 427
156 158
503 792
19 518
548 786
764 308
471 590
160 394
44 276
272 977
594 569
635 559
764 436
76 936
1 619
70 191
724 977
899 415
243 842
28 853
221 204
590 621
343 686
204 945
209 690
865 590
607 370
842 849
953 672
2 19
853 89
503 761
503 1
649 45
894 26
1 435
732 931
669 583
272 156
1 909
64 1
503 465
861 139
732 783
840 640
753 204
607 830
590 789
109 491
548 929
878 923
806 913
294 474
422 168
139 239
655 327
254 435
797 618
512 19
977 810
139 400
190 609
760 657
634 792
64 689
731 766
734 792
571 287
624 590
607 488
820 778
1 608
993 19
977 975
70 649
266 808
991 607
842 167
348 145
726 148
759 691
164 435
295 854
21 936
160 190
486 229
817 188
423 642
468 936
803 491
210 246
879 204
188 272
965 764
607 673
625 232
778 160
137 145
102 423
416 649
826 61
56 590
204 896
384 607
375 64
149 590
354 722
48 471
607 80
921 503
297 830
579 64
572 344
139 1
439 272
317 949
482 711
839 223
272 424
210 392
775 754
229 23
936 544
672 710
565 811
899 863
685 823
271 160
160 466
590 49
536 321
607 492
977 523
639 33
880 943
425 139
493 85
686 825
858 433
665 936
792 712
971 139
548 989
842 358
229 599
640 421
583 318
196 204
867 212
776 956
354 785
516 721
46 327
764 600
536 202
715 229
435 907
491 272
483 327
662 503
90 72
842 227
101 204
160 8
657 799
355 63
19 355
145 357
51 686
402 764
190 83
511 764
1 385
711 68
918 355
326 232
726 469
740 752
963 139
407 1
293 422
463 590
311 64
190 104
569 59
194 942
614 503
966 998
411 691
198 423
115 475
697 691
764 496
269 471
230 908
747 858
1000 1000
109 824
346 582
271 346
470 629
540 1000
849 510
104 893
907 405
859 31
889 297
434 98
985 941
996 820
194 828
268 27
100 304
463 326
821 51
415 38
530 239
15 1
363 579
672 190
980 428
256 44
1 285
6 3
221 647
893 56
672 849
601 73
629 94
990 1
849 1
720 744
673 836
482 595
884 768
941 91
731 629
748 15
243 375
302 171
346 548
886 581
1 677
17 59
391 692
20 247
587 1
481 285
243 410
933 100
525 339
686 414
195 521
240 870
505 507
584 832
659 17
414 941
24 800
428 412
233 97
1 638
941 239
1 384
269 889
889 175
445 964
529 52
791 584
38 858
382 755
654 842
14 941
207 519
849 997
724 256
73 520
1000 721
391 750
511 397
940 964
476 525
755 268
800 756
346 854
391 991
194 4
618 845
372 396
839 240
220 12
629 277
226 241
85 73
898 511
833 33
941 565
697 346
989 1
252 889
11 525
391 969
71 706
841 849
855 1
137 845
671 629
794 157
861 755
17 608
849 769
822 38
269 192
443 391
971 584
584 552
269 2
238 941
921 787
924 17
194 390
185 64
584 57
321 3
17 324
285 362
194 525
603 484
466 525
352 643
884 432
958 927
631 294
559 852
794 1
256 284
520 616
856 73
955 162
720 267
681 109
917 38
1 798
849 753
194 264
930 647
262 941
386 100
837 243
937 728
773 313
499 104
927 703
269 953
171 250
692 972
955 925
574 585
554 891
352 553
672 695
574 325
566 269
254 923
539 519
58 73
288 974
669 720
999 346
424 647
391 792
599 485
532 285
19 15
579 857
171 347
794 621
325 730
7 495
760 876
444 974
354 215
333 145
482 941
941 927
33 99
178 511
623 672
767 333
784 906
696 1
796 346
704 152
237 519
1 572
504 927
326 931
919 336
351 243
430 439
728 144
668 794
462 974
258 333
74 493
177 726
759 672
525 885
391 507
629 330
538 352
543 705
673 240
637 3
886 50
310 821
15 228
1 629
470 830
956 475
728 216
644 1
905 285
171 76
398 955
172 269
352 952
114 878
359 285
511 1
859 583
196 176
850 629
633 720
72 171
694 412
1 726
316 941
3 86
529 275
474 460
269 431
483 787
414 319
17 829
611 974
607 647
647 675
629 203
97 689
990 533
589 556
849 62
734 277
995 800
262 782
584 25
269 970
698 584
989 869
15 537
519 773
651 239
1 120
102 584
374 708
554 629
882 414
919 110
826 579
647 280
986 300
25 455
475 818
1000 63
73 82
733 720
914 352
391 133
17 34
38 136
74 391
513 391
97 496
57 89
647 1
977 391
902 755
929 285
470 684
326 42
33 630
367 256
434 15
414 710
638 676
325 879
100 391
609 889
392 346
492 584
376 519
352 1
886 521
851 176
776 798
419 38
48 1000
15 781
550 428
511 610
495 649
965 781
184 849
371 688
663 487
813 849
244 346
584 615
100 934
414 87
899 346
642 364
402 1
784 171
1 588
943 1
15 936
887 171
584 935
1 95
103 511
511 459
276 285
728 115
194 374
480 346
291 239
335 525
800 745
467 171
88 845
185 702
509 849
519 904
512 475
927 305
941 439
897 845
720 449
519 317
150 3
333 619
862 800
859 908
982 781
333 15
269 213
794 860
494 989
346 440
584 945
693 849
506 1000
707 941
821 706
247 903
448 849
798 489
615 814
622 941
122 584
584 951
629 60
269 306
1 886
3 780
197 73
941 591
1000 8
97 1
655 32
805 422
269 1
186 285
894 876
394 57
923 35
807 269
15 634
17 957
352 116
185 1
561 243
309 171
318 68
1000 852
333 128
57 472
240 960
723 395
435 584
515 178
326 984
720 880
138 821
40 941
629 456
790 25
352 357
155 439
140 941
974 613
326 557
135 672
84 378
185 83
439 968
383 120
720 274
912 974
176 61
578 15
312 692
239 712
718 955
719 821
1 720
737 898
487 900
15 256
720 863
948 511
889 641
664 941
762 827
475 1
536 584
804 391
568 755
194 182
380 15
800 501
525 653
38 477
941 222
521 408
338 519
683 3
868 15
365 243
6 901
118 176
576 927
57 757
412 667
447 525
285 208
326 765
240 134
326 941
638 249
47 513
762 713
562 15
622 625
629 877
923 959
784 9
955 15
742 495
462 355
555 511
15 964
584 678
592 519
808 171
26 322
171 113
126 647
257 484
932 976
846 120
168 859
441 269
67 629
821 1
349 794
672 597
106 3
439 132
385 38
387 131
584 229
180 428
293 647
171 247
240 811
1 800
259 475
176 541
584 354
821 612
464 639
194 815
15 655
941 685
407 470
1 38
554 503
240 739
171 845
3 495
647 54
17 531
314 951
498 475
179 57
286 781
657 622
647 387
453 269
269 485
285 464
346 660
446 554
967 794
701 840
777 513
189 326
629 45
240 848
762 700
412 975
692 18
631 328
519 1
74 732
893 300
256 80
821 226
648 859
726 358
256 112
240 1
341 562
821 370
526 326
75 176
749 240
235 1
353 794
798 142
941 652
1 36
176 727
935 266
194 560
484 15
171 772
323 464
632 629
107 631
766 171
218 525
670 849
647 961
740 629
105 794
326 778
89 546
817 849
797 397
950 25
97 393
584 763
12 346
225 974
800 403
974 571
954 203
412 522
188 941
584 202
671 298
141 269
974 37
326 600
886 570
239 994
468 17
471 849
181 556
303 239
884 346
73 43
783 17
574 838
3 786
209 692
97 379
586 109
741 352
584 164
831 519
482 411
1 859
606 629
849 417
852 747
326 200
715 755
201 1
451 414
974 579
988 17
909 941
843 629
3 1
821 337
30 350
525 193
944 326
475 915
810 991
154 889
895 849
893 527
584 23
647 735
158 629
217 354
629 636
1000 488
881 511
547 621
535 405
1 361
170 171
139 519
352 474
442 941
346 405
331 974
391 364
774 755
269 690
859 596
946 889
452 354
325 1
296 927
746 859
283 969
84 57
422 412
169 247
487 1
666 992
240 478
3 270
770 391
849 806
794 191
171 377
70 318
928 755
990 174
77 412
292 753
973 845
974 878
475 287
55 927
418 849
469 97
153 464
15 348
922 519
163 755
17 691
100 816
542 300
758 539
598 171
888 15
470 81
399 955
513 590
125 17
534 439
825 511
1000 926
821 409
941 923
1 211
523 762
889 234
325 183
604 617
705 391
251 647
549 519
15 473
514 554
614 391
631 551
100 130
781 594
920 73
788 845
779 951
26 272
405 865
412 840
803 325
867 667
120 699
612 167
755 524
714 989
1 762
171 1
428 963
420 290
762 910
554 236
15 876
635 923
73 5
248 794
490 391
692 369
479 346
39 787
416 612
789 631
941 847
402 593
326 242
871 1000
326 426
511 573
919 821
344 627
146 992
73 628
511 709
601 165
736 261
723 941
624 521
650 240
318 821
913 38
539 979
638 874
866 73
507 334
53 655
687 1000
121 148
240 327
123 495
1 654
974 1
602 414
849 646
584 1
173 428
849 834
794 261
525 558
73 389
227 938
519 626
423 1000
360 333
517 243
246 621
620 176
484 427
391 224
482 567
30 269
987 485
941 738
256 873
978 38
156 622
38 96
281 622
662 941
1 346
584 420
109 1
525 253
1 73
335 674
966 402
893 368
528 171
57 679
544 755
584 101
511 820
754 997
918 574
326 260
171 461
711 579
688 240
412 941
161 335
692 332
771 927
3 883
176 584
345 511
508 762
716 811
500 73
563 475
230 889
762 301
859 458
256 28
143 15
100 465
79 974
12 454
942 256
680 647
927 401
717 17
556 391
326 147
289 519
93 941
92 525
127 706
941 755
26 269
159 911
793 840
396 622
722 439
344 941
1000 939
439 892
574 421
752 859
969 231
282 859
255 997
450 629
525 1
308 361
932 629
844 1
333 661
486 256
872 285
78 506
3 166
90 726
721 263
285 119
1 49
46 470
356 269
787 15
1 1000
812 755
821 491
3 265
159 325
569 240
108 364
801 57
219 750
941 433
775 755
519 299
413 1000
884 835
604 1
764 243
941 151
66 889
941 704
511 381
1000 245
720 16
346 993
622 278
1 893
983 482
755 343
243 206
890 470
326 388
129 15
391 1
893 65
198 464
269 400
554 645
243 1
919 311
391 631
529 941
373 549
214 269
329 240
938 391
223 239
525 210
584 366
729 1
960 761
770 981
187 877
13 960
525 545
1000 896
728 575
3 295
185 665
320 15
962 923
584 204
269 160
580 919
584 728
412 564
10 97
849 148
629 864
518 1
821 949
475 725
97 605
57 682
352 438
513 853
751 886
821 516
794 33
692 809
885 315
584 279
513 577
916 889
117 612
262 425
205 889
391 992
307 881
124 941
149 629
17 269
876 819
412 404
755 823
1 941
622 875
656 370
199 97
436 794
811 21
1 29
974 273
502 38
437 102
484 998
799 38
475 41
457 3
3 406
800 212
69 475
333 111
484 785
497 579
977 743
640 787
232 849
655 429
340 482
658 243
73 947
795 581
525 802
584 342
787 22