10
200 200
54 165
48 149
88 120
194 182
157 155
158 2
129 51
7 116
83 154
27 138
105 3
186 100
105 172
91 77
197 38
130 20
162 172
193 22
173 65
68 148
107 25
96 147
140 59
103 119
122 160
164 132
21 90
70 29
44 158
80 9
179 175
145 56
44 59
125 69
200 39
152 8
135 12
36 12
126 17
49 102
15 91
11 47
133 5
34 193
72 106
140 156
75 109
133 83
171 156
26 85
147 55
23 81
170 19
180 32
112 33
57 123
189 199
62 184
182 122
113 10
153 74
129 132
184 186
84 117
144 13
82 135
88 7
169 131
128 136
42 164
34 68
40 148
56 20
121 180
146 99
16 58
150 35
174 171
162 141
151 165
197 143
61 17
155 115
109 183
67 81
49 6
198 46
175 142
200 157
159 110
11 199
138 31
192 146
89 98
1 111
92 176
69 32
39 77
61 67
159 168
143 28
160 4
179 94
46 196
84 144
126 166
183 173
169 181
145 115
139 58
51 137
149 74
116 73
141 110
37 120
187 78
174 168
14 130
94 5
71 62
117 102
72 3
134 33
121 97
136 134
35 108
167 101
106 66
50 99
124 63
123 124
86 89
127 10
185 125
177 87
95 42
178 191
2 29
37 114
167 104
195 118
153 4
100 78
192 187
75 70
161 60
43 196
188 152
60 177
150 154
101 161
26 191
190 30
24 131
97 181
52 87
36 18
19 103
114 170
198 66
22 14
79 139
163 96
104 119
52 178
50 118
55 82
90 195
128 79
112 95
23 137
31 21
38 63
80 151
194 30
41 113
65 64
54 43
92 111
176 13
57 73
86 24
166 71
27 190
127 28
41 189
107 108
18 76
53 98
9 188
16 64
45 76
45 47
85 93
185 163
48 25
142 93
8 6
53 40
200 200
163 92
83 85
167 51
108 198
28 132
138 131
174 20
121 140
191 199
73 94
81 15
36 58
136 105
196 117
148 101
162 159
125 56
185 181
37 182
189 165
171 116
6 54
103 119
178 144
74 194
29 126
142 27
14 156
176 137
75 151
7 44
78 190
2 157
32 192
197 38
31 192
124 172
199 177
148 123
70 100
98 173
29 98
102 42
106 2
45 179
48 155
35 145
111 34
177 113
119 200
18 143
112 84
80 166
33 43
171 27
91 173
181 104
63 12
174 40
132 49
11 130
40 97
104 66
48 183
18 39
55 145
127 122
170 110
168 54
3 44
169 9
43 93
115 160
23 31
30 39
147 85
120 76
77 114
7 13
32 30
146 190
164 99
64 105
114 134
71 21
158 194
4 73
22 186
47 185
163 142
82 53
170 123
35 95
86 16
57 189
19 184
149 135
133 106
65 196
36 19
53 57
149 4
157 3
193 101
122 162
75 161
52 99
187 28
161 71
166 6
153 118
150 52
88 61
146 8
164 143
92 78
42 17
96 154
108 63
74 179
182 183
152 178
130 13
83 59
188 141
82 115
5 22
87 176
117 68
69 10
94 76
175 109
72 134
62 11
93 107
153 46
41 160
156 17
61 150
103 152
34 68
184 100
128 69
79 140
89 60
87 80
129 51
89 41
165 151
91 110
25 109
9 159
67 137
50 139
45 169
46 90
37 59
33 197
158 81
79 66
72 107
96 136
84 168
186 167
131 188
65 97
116 60
102 5
113 95
23 12
172 62
133 49
138 26
21 50
121 10
47 56
14 26
175 20
55 128
111 180
90 154
118 58
67 193
125 24
191 147
139 180
120 127
155 86
135 25
15 16
24 195
141 70
129 124
112 38
88 187
126 198
144 195
8 1
200 64
200 200
131 109
52 150
138 155
162 163
26 152
165 19
10 104
39 133
14 71
31 76
169 30
85 26
160 135
181 157
88 163
50 57
132 91
151 101
82 185
80 124
19 200
100 177
142 58
119 172
199 190
162 188
165 175
142 96
8 81
176 146
63 144
150 67
87 159
178 198
35 55
37 80
107 17
5 15
122 119
108 138
56 110
107 196
24 128
136 149
146 23
71 198
70 179
89 83
81 180
69 95
109 187
161 86
34 56
171 53
64 62
175 18
114 125
199 128
61 4
92 99
130 127
65 33
42 51
181 166
173 92
156 55
67 158
154 147
153 151
59 28
44 200
46 170
36 77
59 105
69 82
186 102
187 60
77 78
105 13
2 8
123 30
84 114
12 40
45 36
182 94
90 61
112 20
178 118
37 38
96 38
132 155
180 46
84 97
127 32
184 47
94 124
99 68
93 190
7 173
121 126
147 194
145 192
166 20
49 177
136 75
27 110
57 44
87 66
189 191
159 70
78 72
4 106
65 41
191 174
63 186
53 98
22 10
161 118
25 64
144 170
195 197
47 43
126 194
157 12
15 73
197 74
51 137
120 68
102 120
2 141
79 158
5 48
3 139
116 145
25 143
131 32
11 18
185 58
1 140
11 115
66 13
167 29
16 21
49 52
139 17
111 90
45 103
35 91
62 134
192 54
85 179
16 50
115 9
196 189
7 182
188 23
74 28
100 153
6 135
133 48
76 113
169 22
123 129
141 101
40 54
143 168
193 171
125 117
140 89
14 193
3 183
34 98
156 21
27 195
72 33
164 39
152 130
97 41
134 183
184 88
116 167
103 43
174 95
148 86
104 164
148 168
111 121
108 129
117 160
149 9
122 42
106 79
75 31
176 29
137 60
73 6
112 83
93 154
24 113
200 200
160 192
132 141
51 194
67 146
169 64
62 135
106 43
48 88
57 164
22 153
180 46
148 28
47 29
124 128
67 93
21 129
139 2
46 106
132 110
13 128
196 191
12 18
37 186
142 61
52 195
111 127
93 22
98 66
147 38
124 42
151 85
84 160
109 79
178 34
52 110
194 147
101 79
177 4
35 140
125 17
58 60
19 12
136 142
73 91
114 157
25 139
56 157
161 61
184 85
152 60
169 28
103 161
3 78
155 154
129 173
104 82
97 86
27 131
109 94
141 59
31 75
96 130
190 80
196 6
70 133
20 122
14 178
184 74
36 49
164 56
193 82
30 100
35 73
170 19
77 143
168 44
30 26
72 63
182 10
100 7
2 191
180 127
114 167
20 75
81 39
11 41
50 3
192 76
87 113
77 26
159 8
105 134
44 145
174 39
98 198
14 111
62 15
9 186
179 183
4 41
152 155
8 156
181 197
7 40
54 119
171 74
115 43
83 9
38 183
15 95
48 166
27 63
118 135
108 126
133 170
24 199
166 112
71 179
163 99
76 33
91 143
113 123
162 90
171 23
197 195
200 58
68 187
151 188
33 55
165 86
156 190
96 185
121 40
95 134
31 84
120 105
176 150
92 189
5 198
17 69
83 176
136 150
130 189
101 21
5 102
54 51
92 120
72 138
49 45
32 144
193 18
107 138
97 24
148 175
65 199
126 13
173 149
187 87
146 168
172 71
53 125
32 53
117 78
89 104
90 89
42 66
158 117
34 118
68 140
69 137
165 94
188 55
177 65
162 36
47 153
1 122
10 108
119 45
121 25
59 154
23 163
70 88
50 80
185 37
174 116
131 103
11 175
112 99
137 57
158 116
149 29
115 144
123 181
102 172
16 6
16 81
167 145
182 200
159 107
200 200
15 105
103 191
62 183
57 67
170 143
83 107
71 50
188 84
138 186
116 53
179 185
105 160
171 69
9 194
10 117
58 24
76 124
152 159
35 176
156 9
127 68
96 63
12 158
182 67
51 41
147 31
175 29
191 110
132 87
174 22
112 81
143 17
97 121
60 14
56 137
47 175
195 168
186 42
52 194
126 139
42 112
120 184
156 177
148 16
13 22
139 88
84 43
70 128
27 30
98 162
119 101
130 23
153 41
154 165
122 93
21 68
38 200
82 172
48 103
52 80
180 113
192 90
193 73
83 48
26 170
167 18
125 142
59 23
89 155
147 133
190 111
157 86
104 92
24 29
80 17
140 56
134 118
119 45
130 123
3 39
98 66
64 136
96 196
73 77
188 180
59 133
150 117
144 190
51 144
157 179
129 63
37 27
173 92
127 138
122 150
65 178
121 149
72 178
10 185
164 195
60 123
166 49
124 34
160 75
8 173
102 70
163 125
116 79
155 114
64 115
62 120
174 168
183 11
154 74
136 54
50 94
36 4
35 108
20 153
90 86
192 12
44 28
95 110
8 131
85 118
95 78
177 169
135 6
187 197
37 43
7 91
162 107
55 11
135 181
141 146
109 164
106 161
89 2
132 58
137 5
140 54
161 182
75 13
76 30
47 25
184 99
19 151
31 71
55 94
145 99
46 187
6 101
167 131
77 189
165 141
87 61
199 151
69 181
53 40
197 111
85 158
74 88
163 32
199 126
146 198
115 16
19 97
7 196
169 34
82 39
46 193
21 108
45 1
28 100
65 142
66 18
106 26
114 102
2 145
198 72
20 44
57 129
40 189
172 91
49 104
149 109
15 152
128 134
200 176
166 5
100 81
113 36
159 38
79 25
33 61
33 14
4 78
171 32
93 148
200 200
126 134
87 186
190 15
192 143
24 104
165 121
78 96
68 66
84 14
48 150
62 31
95 17
135 182
6 112
123 16
111 154
131 47
22 27
55 15
191 122
66 105
164 36
133 152
8 9
27 180
184 115
100 128
136 156
28 194
35 60
181 88
51 116
109 75
162 179
159 5
137 37
175 88
170 131
92 19
144 42
91 169
102 45
136 11
5 133
54 142
144 26
58 137
2 47
118 196
198 83
24 69
10 7
49 165
199 37
43 119
31 103
187 33
80 105
171 42
59 52
196 126
142 166
96 147
99 33
3 65
63 113
193 194
162 106
51 124
81 145
29 79
158 113
176 149
132 168
148 40
183 188
17 69
93 50
143 8
155 195
114 44
120 19
170 157
185 10
159 100
12 174
106 132
173 22
197 199
83 25
52 183
54 70
64 161
49 168
39 61
108 146
128 94
104 120
158 75
185 189
35 44
102 90
25 41
191 152
32 192
163 91
2 145
6 46
186 84
117 4
184 125
71 30
182 127
167 103
81 187
172 1
48 178
167 78
34 140
97 29
124 118
74 149
76 77
172 138
94 180
197 110
154 101
130 21
62 80
101 139
160 64
93 38
43 14
13 135
61 76
141 73
139 110
23 200
30 72
38 190
82 60
188 39
20 21
193 59
195 45
175 86
99 164
4 129
153 119
157 16
178 108
134 34
173 82
68 146
71 11
116 74
86 63
26 18
20 53
73 179
171 41
181 114
174 57
148 87
109 67
98 40
18 28
198 138
85 153
111 97
121 98
127 125
169 95
122 79
176 151
7 89
155 140
89 12
72 163
161 70
53 115
189 56
200 107
141 147
151 55
123 46
77 117
160 65
32 107
92 36
150 3
58 129
112 56
13 177
166 57
50 67
177 85
9 130
156 90
200 200
16 130
28 13
186 70
90 44
141 151
29 192
121 128
26 61
87 29
110 46
20 181
54 11
76 43
115 34
48 3
101 31
155 88
6 120
84 63
5 151
127 98
122 66
144 48
128 136
57 55
182 155
160 24
16 200
108 176
129 84
39 153
132 22
17 62
33 104
180 129
9 42
21 65
2 163
109 152
117 83
119 175
199 62
178 123
93 53
14 173
172 56
149 106
163 171
102 111
143 90
142 173
158 59
53 77
65 42
85 30
148 103
176 143
76 83
154 168
59 30
27 31
114 49
133 25
68 175
32 188
174 33
146 86
193 26
121 140
3 27
102 134
44 12
99 68
71 141
134 24
39 1
79 100
114 9
92 178
138 196
96 67
200 142
116 32
196 179
124 12
38 79
57 64
112 183
10 189
162 97
136 99
161 199
34 40
22 41
75 17
8 187
174 7
91 152
8 172
74 10
80 64
55 4
94 144
160 18
52 15
177 156
93 35
157 21
71 185
182 89
167 198
133 101
46 187
191 124
37 18
97 109
126 147
74 159
183 87
164 98
50 123
118 72
88 63
110 82
139 179
50 150
154 11
69 131
41 118
2 113
180 126
72 115
35 14
20 49
165 54
13 100
38 61
86 80
107 177
127 149
150 4
120 184
194 132
28 104
23 19
92 195
113 140
130 51
78 47
170 19
186 169
60 78
56 168
73 191
25 197
47 85
153 45
40 159
195 82
137 116
37 137
89 122
45 95
52 135
105 5
148 181
107 165
145 15
96 125
51 58
95 73
184 91
112 139
69 166
94 75
157 106
105 36
190 111
108 194
190 81
23 36
138 188
185 7
147 135
162 43
60 169
131 146
171 6
192 164
189 166
67 77
170 161
198 58
119 125
70 103
66 117
145 156
81 197
167 193
200 200
169 119
148 181
4 11
20 169
146 39
166 185
180 72
32 106
133 109
147 82
145 72
198 102
143 84
112 54
185 35
86 97
55 17
141 26
84 76
33 31
21 117
164 124
9 122
13 101
189 12
113 21
126 38
78 73
56 71
80 186
173 60
48 174
43 151
27 3
64 186
87 149
83 33
199 175
75 77
81 161
83 47
140 125
68 67
97 152
102 106
120 183
74 60
96 28
65 163
199 132
188 183
139 111
150 7
114 196
50 162
70 42
85 94
39 59
137 196
156 31
153 177
154 178
129 128
125 108
69 126
42 93
134 138
66 34
127 192
130 2
18 127
61 140
105 120
8 90
158 50
41 170
58 110
47 174
6 41
8 44
53 70
151 25
188 14
98 104
38 26
141 137
32 99
1 172
116 143
118 81
51 179
175 144
190 51
86 130
94 180
11 162
152 147
132 105
36 73
155 138
165 119
118 150
122 121
3 109
157 146
49 117
14 107
161 74
115 139
173 103
48 49
103 58
154 148
134 66
92 90
53 172
145 101
63 36
22 69
24 89
170 200
57 22
123 121
45 157
167 131
191 108
165 168
5 7
25 194
91 55
181 189
195 59
198 191
80 95
142 20
61 129
75 45
68 37
13 24
93 76
10 30
99 23
78 89
164 67
52 179
112 10
156 15
27 34
194 23
135 82
142 96
184 46
159 79
128 110
71 176
9 155
171 184
85 115
88 28
2 57
182 12
52 193
197 4
153 160
98 187
166 111
123 16
200 104
167 43
133 37
15 46
40 35
171 114
100 44
30 107
144 64
62 116
182 92
54 124
149 100
187 56
190 91
131 178
18 63
135 168
158 79
113 29
177 176
17 136
95 62
5 136
6 16
19 197
40 88
19 65
192 159
87 29
77 160
195 163
200 200
81 108
90 60
26 161
48 12
141 154
150 139
51 3
165 91
31 151
4 106
151 128
110 99
7 121
143 165
111 105
177 198
183 123
194 120
73 199
14 93
70 51
116 153
37 171
75 115
182 61
168 125
186 121
148 35
172 107
5 21
103 176
112 47
146 158
53 163
58 94
88 103
10 83
181 157
102 59
132 38
16 31
142 188
197 185
152 92
79 174
155 195
73 107
89 19
166 158
180 54
135 32
137 48
117 180
35 10
104 32
46 3
138 162
15 41
33 126
93 59
42 108
68 90
42 111
72 177
175 116
142 150
84 133
164 57
105 86
72 122
195 95
43 66
5 191
9 134
11 18
43 113
87 91
28 13
20 125
199 36
191 41
45 2
60 147
33 200
139 170
78 152
101 14
196 34
63 39
140 131
30 136
15 74
156 1
80 120
124 113
187 129
194 25
171 27
114 167
141 179
127 176
149 38
153 21
61 143
40 17
140 27
185 100
77 156
184 131
85 184
23 129
159 101
78 82
58 19
30 119
12 68
8 23
55 92
83 144
182 94
169 173
40 98
86 168
25 63
167 98
80 193
44 69
134 166
44 119
161 56
55 17
47 7
71 193
118 192
178 104
84 64
97 132
190 159
170 57
50 65
67 52
130 126
148 110
118 62
106 53
114 123
89 85
34 174
173 186
54 39
82 109
187 79
99 4
22 46
162 102
29 64
198 169
96 157
69 196
149 146
188 50
197 136
96 11
189 56
76 29
6 97
24 127
9 192
87 18
190 81
144 130
16 154
13 179
112 200
2 128
145 124
20 37
137 88
62 189
178 75
155 160
145 172
49 115
24 8
22 163
95 26
175 66
117 6
65 160
45 70
36 28
100 71
133 109
76 77
183 138
74 67
147 122
164 49
181 135
200 200
171 7
68 69
113 152
83 184
98 165
129 99
182 92
28 186
100 88
159 118
157 103
150 38
29 5
74 13
2 111
48 104
193 149
188 81
199 12
140 124
149 181
89 139
26 121
128 143
144 135
17 16
151 158
65 125
127 35
130 78
42 190
198 25
110 116
77 163
112 180
197 152
56 134
22 147
122 58
133 155
58 32
33 57
129 71
46 190
65 193
4 169
31 106
158 52
196 141
74 6
186 67
100 197
94 87
192 82
63 131
3 73
30 175
18 176
153 115
153 165
123 14
160 97
136 171
184 52
173 49
57 124
84 105
187 32
137 60
22 26
183 146
48 68
174 70
50 15
55 45
78 109
172 123
54 157
37 115
45 21
126 20
120 59
5 62
134 41
3 79
119 182
151 19
23 159
166 191
30 23
162 40
195 111
15 188
101 8
70 143
107 83
9 36
192 117
38 178
80 164
138 139
200 89
198 146
76 180
176 191
76 79
44 53
77 140
39 27
181 34
126 173
73 189
148 97
19 64
40 142
24 107
175 169
95 47
168 85
101 96
127 49
91 104
177 51
16 85
132 82
11 130
196 167
87 64
21 50
72 62
154 164
128 6
51 117
118 96
106 20
33 63
71 154
178 113
160 9
8 61
24 110
161 142
147 2
72 199
145 93
187 166
108 92
41 148
81 27
42 98
69 170
183 61
138 185
18 12
90 43
144 47
167 86
93 84
195 34
11 54
25 75
162 189
179 1
155 88
99 10
131 122
120 109
156 200
66 46
114 14
95 150
136 116
145 163
194 137
94 17
13 28
141 31
172 43
90 86
108 102
53 119
55 67
36 135
185 114
29 125
35 161
4 91
102 103
174 59
170 80
44 7
177 105
66 75
56 112
168 133
121 179
37 39
60 156
132 10